2: nitrous oxide: V/L sat. T=182.5000000 to 309.5000000 K

, , Liquid, Vapor, Liquid, Vapor, Liquid, Vapor, Liquid, Vapor, Liquid, Vapor, Liquid, Vapor, Liquid, Vapor, Liquid, Vapor, Liquid, Vapor, , , Liquid, Vapor, Liquid, Vapor, Liquid, Vapor
Temperature, Pressure, Density, Density, Int. Energy, Int. Energy, Enthalpy, Enthalpy, Entropy, Entropy, Cv, Cv, Cp, Cp, Cp/Cv, Cp/Cv, Sound Speed, Sound Speed, Comp. Factor, Comp. Factor, Heat of Vapor., Molar Mass, Therm. Cond., Therm. Cond., Viscosity, Viscosity, Vol. Expansivity, Vol. Expansivity
(K), (Pa), (kg/m^3), (kg/m^3), (J/kg), (J/kg), (J/kg), (J/kg), (J/kg-K), (J/kg-K), (J/kg-K), (J/kg-K), (J/kg-K), (J/kg-K), , , (m/s), (m/s), , , (J/kg), , (W/m-K), (W/m-K), (Pa-s), (Pa-s), (1/K), (1/K)
182.5000000, 88599.71395, 1240.534473, 2.637501913, -3902.761503, 339637.9788, -3831.340905, 373230.2630, -20.81144216, 2045.279538, 949.8865087, 599.7926409, 1729.347142, 820.7886452, 1.820582908, 1.368454011, 1163.961815, 211.4466352, 0.002071599160, 0.9743652353, 377061.6039, 44.01288000, 0.2009260957, 0.007200979407, 0.0004361350464, 0.000007018106452, 0.002395698474, 0.006088006413
183.0000000, 91363.75527, 1239.051245, 2.713894862, -3039.089953, 339860.0442, -2965.353087, 373525.2229, -16.08499132, 2041.240560, 949.1947625, 601.2134807, 1729.598597, 822.8916880, 1.822174611, 1.368717959, 1160.655292, 211.6301988, 0.002132940282, 0.9738116053, 376490.5759, 44.01288000, 0.2003058742, 0.007224825503, 0.0004318008031, 0.000007039152442, 0.002401739453, 0.006084365545
183.5000000, 94195.72228, 1237.566156, 2.792002645, -2175.321773, 340081.5673, -2099.208086, 373819.2582, -11.37089286, 2037.231103, 948.5100334, 602.6412806, 1729.867791, 825.0120472, 1.823773846, 1.368993585, 1157.350360, 211.8120699, 0.002195693926, 0.9732499706, 375918.4663, 44.01288000, 0.1996866145, 0.007248729471, 0.0004275263045, 0.000007060228585, 0.002407839699, 0.006080941348
184.0000000, 97096.78068, 1236.079182, 2.871851677, -1311.448968, 340302.5413, -1232.896734, 374112.3586, -6.669035547, 2033.250831, 947.8322582, 604.0759479, 1730.154723, 827.1497294, 1.825380712, 1.369281019, 1154.046993, 211.9922418, 0.002259882339, 0.9726802870, 375345.2554, 44.01288000, 0.1990683136, 0.007272692834, 0.0004233105506, 0.000007081335286, 0.002413999767, 0.006077733873
184.5000000, 100068.1055, 1234.590301, 2.953468581, -447.4635648, 340522.9596, -366.4098699, 374404.5138, -1.979309182, 2029.299410, 947.1613744, 605.5173892, 1730.459392, 829.3047413, 1.826995313, 1.369580389, 1150.745166, 212.1707077, 0.002325527926, 0.9721025109, 374770.9236, 44.01288000, 0.1984509686, 0.007296717138, 0.0004191525599, 0.000007102472960, 0.002420220225, 0.006074743192
185.0000000, 103110.8813, 1233.099491, 3.036880184, 416.6423935, 340742.8157, 500.2616651, 374695.7131, 2.698395475, 2025.376512, 946.4973204, 606.9655102, 1730.781800, 831.4770904, 1.828617749, 1.369891825, 1147.444850, 212.3474608, 0.002392653252, 0.9715165990, 374195.4515, 44.01288000, 0.1978345763, 0.007320803961, 0.0004150513687, 0.000007123642022, 0.002426501647, 0.006071969396
185.5000000, 106226.3015, 1231.606728, 3.122113520, 1280.876846, 340962.1030, 1367.127025, 374985.9464, 7.364186690, 2021.481811, 945.8400350, 608.4202158, 1731.121952, 833.6667844, 1.830248127, 1.370215458, 1144.146021, 212.5224943, 0.002461281042, 0.9709225088, 373618.8193, 44.01288000, 0.1972191333, 0.007344954903, 0.0004110060312, 0.000007144842897, 0.002432844621, 0.006069412597
186.0000000, 109415.5689, 1230.111990, 3.209195831, 2145.247714, 341180.8146, 2234.195362, 375275.2030, 12.01817178, 2017.614987, 945.1894583, 609.8814103, 1731.479856, 835.8738318, 1.831886550, 1.370551418, 1140.848651, 212.6958014, 0.002531434179, 0.9703201981, 373041.0076, 44.01288000, 0.1966046364, 0.007369171593, 0.0004070156186, 0.000007166076013, 0.002439249741, 0.006067072927
186.5000000, 112679.8953, 1228.615253, 3.298154568, 3009.762905, 341398.9442, 3101.475828, 375563.4725, 16.66045713, 2013.775721, 944.5455307, 611.3489973, 1731.855520, 838.0982418, 1.833533126, 1.370899839, 1137.552715, 212.8673754, 0.002603135703, 0.9697096253, 372461.9967, 44.01288000, 0.1959910823, 0.007393455686, 0.0004030792193, 0.000007187341804, 0.002445717616, 0.006064950540
187.0000000, 116020.5016, 1227.116494, 3.389017389, 3874.430312, 341616.4848, 3968.977571, 375850.7446, 21.29114820, 2009.963699, 943.9081936, 612.8228796, 1732.248957, 840.3400244, 1.835187965, 1.371260853, 1134.258188, 213.0372095, 0.002676408813, 0.9690907491, 371881.7670, 44.01288000, 0.1953784673, 0.007417808865, 0.0003991959380, 0.000007208640707, 0.002452248863, 0.006063045612
187.5000000, 119438.6175, 1225.615690, 3.481812162, 4739.257811, 341833.4300, 4836.709743, 376137.0087, 25.91034955, 2006.178610, 943.2773892, 614.3029597, 1732.660182, 842.5991907, 1.836851176, 1.371634594, 1130.965042, 213.2052968, 0.002751276864, 0.9684635290, 371300.2989, 44.01288000, 0.1947667881, 0.007442232841, 0.0003953648958, 0.000007229973169, 0.002458844112, 0.006061358343
188.0000000, 122935.4814, 1224.112818, 3.576566966, 5604.253268, 342049.7729, 5704.681496, 376422.2543, 30.51816483, 2002.420148, 942.6530601, 615.7891396, 1733.089211, 844.8757529, 1.838522871, 1.372021198, 1127.673252, 213.3716305, 0.002827763367, 0.9678279248, 370717.5728, 44.01288000, 0.1941560412, 0.007466729352, 0.0003915852299, 0.000007251339638, 0.002465504001, 0.006059888955
188.5000000, 126512.3407, 1222.607854, 3.673310092, 6469.424537, 342265.5069, 6572.901985, 376706.4709, 35.11469685, 1998.688007, 942.0351501, 617.2813208, 1733.536063, 847.1697242, 1.840203164, 1.372420800, 1124.382793, 213.5362039, 0.002905891990, 0.9671838968, 370133.5689, 44.01288000, 0.1935462230, 0.007491300162, 0.0003878560927, 0.000007272740569, 0.002472229183, 0.006058637694
189.0000000, 130170.4513, 1221.100774, 3.772070045, 7334.779459, 342480.6252, 7441.380367, 376989.6480, 39.70004751, 1994.981887, 941.4236033, 618.7794046, 1734.000762, 849.4811193, 1.841892169, 1.372833538, 1121.093638, 213.6990102, 0.002985686555, 0.9665314058, 369548.2676, 44.01288000, 0.1929373301, 0.007515947065, 0.0003841766522, 0.000007294176425, 0.002479020321, 0.006057604832
189.5000000, 133911.0776, 1219.591555, 3.872875540, 8200.325865, 342695.1211, 8310.125804, 377271.7751, 44.27431790, 1991.301491, 940.8183649, 620.2832918, 1734.483332, 851.8099544, 1.843590003, 1.373259550, 1117.805762, 213.8600426, 0.003067171040, 0.9658704129, 368961.6493, 44.01288000, 0.1923293588, 0.007540671885, 0.0003805460914, 0.000007315647672, 0.002485878090, 0.006056790665
190.0000000, 137735.4928, 1218.080171, 3.975755510, 9066.071578, 342908.9878, 9179.147463, 377552.8416, 48.83760827, 1987.646525, 940.2193805, 621.7928831, 1734.983800, 854.1562472, 1.845296785, 1.373698977, 1114.519139, 214.0192941, 0.003150369579, 0.9652008801, 368373.6942, 44.01288000, 0.1917223056, 0.007565476471, 0.0003769636077, 0.000007337154781, 0.002492803176, 0.006056195516
190.5000000, 141644.9781, 1216.566601, 4.080739104, 9932.024412, 343122.2185, 10048.45452, 377832.8370, 53.39001803, 1984.016698, 939.6265965, 623.3080789, 1735.502196, 856.5200170, 1.847012635, 1.374151958, 1111.233744, 214.1767581, 0.003235306459, 0.9645227693, 367784.3825, 44.01288000, 0.1911161670, 0.007590362703, 0.0003734284133, 0.000007358698232, 0.002499796279, 0.006055819735
191.0000000, 145640.8233, 1215.050818, 4.187855689, 10798.19217, 343334.8065, 10918.05615, 378111.7506, 57.93164580, 1980.411722, 939.0399602, 624.8287798, 1736.038552, 858.9012851, 1.848737674, 1.374618636, 1107.949551, 214.3324277, 0.003322006121, 0.9638360431, 367193.6945, 44.01288000, 0.1905109395, 0.007615332491, 0.0003699397341, 0.000007380278507, 0.002506858110, 0.006055663699
191.5000000, 149724.3264, 1213.532800, 4.297134850, 11664.58266, 343546.7448, 11787.96154, 378389.5718, 62.46258940, 1976.831312, 938.4594194, 626.3548860, 1736.592904, 861.3000745, 1.850472026, 1.375099155, 1104.666534, 214.4862961, 0.003410493162, 0.9631406648, 366601.6103, 44.01288000, 0.1899066194, 0.007640387774, 0.0003664968101, 0.000007401896099, 0.002513989394, 0.006055727813
192.0000000, 153896.7935, 1212.012521, 4.408606393, 12531.20366, 343758.0266, 12658.17990, 378666.2901, 66.98294587, 1973.275186, 937.8849226, 627.8862978, 1737.165289, 863.7164106, 1.852215818, 1.375593660, 1101.384669, 214.6383565, 0.003500792331, 0.9624365976, 366008.1102, 44.01288000, 0.1893032033, 0.007665530520, 0.0003630988948, 0.000007423551501, 0.002521190869, 0.006056012511
192.5000000, 158159.5388, 1210.489956, 4.522300347, 13398.06298, 343968.6450, 13528.72043, 378941.8946, 71.49281149, 1969.743067, 937.3164192, 629.4229156, 1737.755749, 866.1503205, 1.853969175, 1.376102298, 1098.103929, 214.7886019, 0.003592928531, 0.9617238055, 365413.1742, 44.01288000, 0.1887006875, 0.007690762728, 0.0003597452551, 0.000007445245217, 0.002528463285, 0.006056518256
193.0000000, 162513.8845, 1208.965081, 4.638246965, 14265.16838, 344178.5930, 14399.59235, 379216.3747, 75.99228178, 1966.234677, 936.7538589, 630.9646399, 1738.364326, 868.6018341, 1.855732228, 1.376625217, 1094.824290, 214.9370257, 0.003686926821, 0.9610022528, 364816.7824, 44.01288000, 0.1880990687, 0.007716086430, 0.0003564351706, 0.000007466977754, 0.002535807407, 0.006057245543
193.5000000, 166961.1607, 1207.437871, 4.756476726, 15132.52766, 344387.8638, 15270.80489, 379489.7197, 80.48145151, 1962.749745, 936.1971924, 632.5113714, 1738.991067, 871.0709834, 1.857505108, 1.377162566, 1091.545726, 215.0836209, 0.003782812410, 0.9602719042, 364218.9149, 44.01288000, 0.1874983432, 0.007741503685, 0.0003531679341, 0.000007488749628, 0.002543224012, 0.006058194897
194.0000000, 171502.7051, 1205.908300, 4.877020334, 16000.14860, 344596.4504, 16142.36729, 379761.9189, 84.96041475, 1959.288000, 935.6463710, 634.0630110, 1739.636021, 873.5578032, 1.859287948, 1.377714499, 1088.268211, 215.2283807, 0.003880610664, 0.9595327248, 363619.5516, 44.01288000, 0.1868985077, 0.007767016588, 0.0003499428506, 0.000007510561359, 0.002550713893, 0.006059366874
194.5000000, 176139.8636, 1204.376344, 4.999908728, 16868.03896, 344804.3456, 17014.28882, 380032.9614, 89.42926483, 1955.849175, 935.1013467, 635.6194598, 1740.299239, 876.0623306, 1.861080882, 1.378281167, 1084.991720, 215.3712983, 0.003980347101, 0.9587846802, 363018.6726, 44.01288000, 0.1862995585, 0.007792627264, 0.0003467592376, 0.000007532413474, 0.002558277856, 0.006060762062
195.0000000, 180873.9892, 1202.841977, 5.125173074, 17736.20654, 345011.5425, 17886.57874, 380302.8364, 93.88809438, 1952.433005, 934.5620720, 637.1806193, 1740.980777, 878.5846060, 1.862884049, 1.378862726, 1081.716229, 215.5123667, 0.004082047393, 0.9580277361, 362416.2577, 44.01288000, 0.1857014923, 0.007818337870, 0.0003436164244, 0.000007554306507, 0.002565916723, 0.006062381085
195.5000000, 185706.4429, 1201.305173, 5.252844773, 18604.65911, 345218.0340, 18759.24635, 380571.5331, 98.33699534, 1949.039229, 934.0285003, 638.7463916, 1741.680691, 881.1246724, 1.864697588, 1.379459335, 1078.441711, 215.6515793, 0.004185737366, 0.9572618588, 361812.2867, 44.01288000, 0.1851043056, 0.007844150598, 0.0003405137523, 0.000007576241000, 0.002573631329, 0.006064224598
196.0000000, 190638.5930, 1199.765907, 5.382955464, 19473.40446, 345423.8129, 19632.30095, 380839.0405, 102.7760590, 1945.667587, 933.5005855, 640.3166788, 1742.399043, 883.6825759, 1.866521639, 1.380071151, 1075.168141, 215.7889290, 0.004291443001, 0.9564870150, 361206.7396, 44.01288000, 0.1845079948, 0.007870067673, 0.0003374505742, 0.000007598217498, 0.002581422526, 0.006066293293
196.5000000, 195671.8150, 1198.224152, 5.515537023, 20342.45036, 345628.8721, 20505.75187, 381105.3478, 107.2053759, 1942.317823, 932.9782821, 641.8913838, 1743.135896, 886.2583660, 1.868356348, 1.380698337, 1071.895495, 215.9244091, 0.004399190434, 0.9557031716, 360599.5959, 44.01288000, 0.1839125567, 0.007896091353, 0.0003344262543, 0.000007620236556, 0.002589291180, 0.006068587896
197.0000000, 200807.4921, 1196.679882, 5.650621566, 21211.80460, 345833.2044, 21379.60845, 381370.4439, 111.6250361, 1938.989683, 932.4615454, 643.4704100, 1743.891317, 888.8520953, 1.870201860, 1.381341055, 1068.623746, 216.0580126, 0.004509005953, 0.9549102959, 359990.8355, 44.01288000, 0.1833179877, 0.007922223933, 0.0003314401678, 0.000007642298736, 0.002597238175, 0.006071109170
197.5000000, 206047.0143, 1195.133071, 5.788241455, 22081.47498, 346036.8025, 22253.88006, 381634.3179, 116.0351287, 1935.682915, 931.9503313, 645.0536614, 1744.665374, 891.4638199, 1.872058323, 1.381999473, 1065.352870, 216.1897327, 0.004620916005, 0.9541083556, 359380.4378, 44.01288000, 0.1827242846, 0.007948467741, 0.0003284917010, 0.000007664404604, 0.002605264409, 0.006073857914
198.0000000, 211391.7791, 1193.583693, 5.928429296, 22951.46929, 346239.6591, 23128.57608, 381896.9586, 120.4357426, 1932.397271, 931.4445962, 646.6410425, 1745.458142, 894.0935997, 1.873925888, 1.382673757, 1062.082841, 216.3195625, 0.004734947190, 0.9532973186, 358768.3825, 44.01288000, 0.1821314438, 0.007974825144, 0.0003255802508, 0.000007686554737, 0.002613370798, 0.006076834967
198.5000000, 216843.1908, 1192.031720, 6.071217946, 23821.79534, 346441.7669, 24003.70592, 382158.3550, 124.8269658, 1929.132503, 930.9442974, 648.2324586, 1746.269695, 896.7414979, 1.875804707, 1.383364079, 1058.813633, 216.4474951, 0.004851126265, 0.9524771532, 358154.6491, 44.01288000, 0.1815394620, 0.008001298544, 0.0003227052247, 0.000007708749716, 0.002621558274, 0.006080041206
199.0000000, 222402.6607, 1190.477126, 6.216640510, 24692.46093, 346643.1185, 24879.27902, 382418.4959, 129.2088856, 1925.888368, 930.4493926, 649.8278158, 1747.100114, 899.4075821, 1.877694937, 1.384070611, 1055.545223, 216.5735237, 0.004969480145, 0.9516478279, 357539.2169, 44.01288000, 0.1809483359, 0.008027890380, 0.0003198660405, 0.000007730990132, 0.002629827787, 0.006083477547
199.5000000, 228071.6071, 1188.919883, 6.364730353, 25563.47391, 346843.7064, 25755.30484, 382677.3702, 133.5815891, 1922.664623, 929.9598402, 651.4270209, 1747.949479, 902.0919234, 1.879596735, 1.384793529, 1052.277583, 216.6976413, 0.005090035899, 0.9508093118, 356922.0653, 44.01288000, 0.1803580620, 0.008054603129, 0.0003170621259, 0.000007753276581, 0.002638180305, 0.006087144947
200.0000000, 233851.4551, 1187.359965, 6.515521093, 26434.84208, 347043.5233, 26631.79284, 382934.9664, 137.9451623, 1919.461030, 929.4755993, 653.0299815, 1748.817878, 904.7945972, 1.881510261, 1.385533012, 1049.010689, 216.8198410, 0.005212820758, 0.9499615739, 356303.1736, 44.01288000, 0.1797686372, 0.008081439308, 0.0003142929188, 0.000007775609669, 0.002646616812, 0.006091044403
200.5000000, 239743.6362, 1185.797343, 6.669046612, 27306.57330, 347242.5614, 27508.75256, 383191.2734, 142.2996911, 1916.277351, 928.9966294, 654.6366061, 1749.705398, 907.5156833, 1.883435679, 1.386289240, 1045.744515, 216.9401160, 0.005337862110, 0.9491045837, 355682.5209, 44.01288000, 0.1791800581, 0.008108401472, 0.0003115578667, 0.000007797990009, 0.002655138312, 0.006095176957
201.0000000, 245749.5889, 1184.231990, 6.825341055, 28178.67541, 347440.8133, 28386.19352, 383446.2798, 146.6452606, 1913.113352, 928.5228909, 656.2468042, 1750.612132, 910.2552656, 1.885373155, 1.387062398, 1042.479037, 217.0584592, 0.005465187502, 0.9482383109, 355060.0863, 44.01288000, 0.1785923213, 0.008135492219, 0.0003088564265, 0.000007820418220, 0.002663745828, 0.006099543692
201.5000000, 251870.7582, 1182.663879, 6.984438836, 29051.15629, 347638.2712, 29264.12530, 383699.9741, 150.9819553, 1909.968798, 928.0543445, 657.8604861, 1751.538176, 913.0134329, 1.887322856, 1.387852671, 1039.214227, 217.1748639, 0.005594824641, 0.9473627254, 354435.8488, 44.01288000, 0.1780054236, 0.008162714184, 0.0003061880646, 0.000007842894932, 0.002672440402, 0.006104145735
202.0000000, 258108.5953, 1181.092980, 7.146374639, 29924.02381, 347834.9275, 30142.55749, 383952.3449, 155.3098594, 1906.843460, 927.5909519, 659.4775632, 1752.483629, 915.7902784, 1.889284954, 1.388660251, 1035.950062, 217.2893231, 0.005726801399, 0.9464777975, 353809.7874, 44.01288000, 0.1774193617, 0.008190070047, 0.0003035522566, 0.000007865420782, 0.002681223096, 0.006108984260
202.5000000, 264464.5581, 1179.519265, 7.311183423, 30797.28587, 348030.7744, 31021.49972, 384203.3805, 159.6290563, 1903.737110, 927.1326750, 661.0979479, 1753.448594, 918.5859001, 1.891259623, 1.389485330, 1032.686514, 217.4018298, 0.005861145806, 0.9455834977, 353181.8808, 44.01288000, 0.1768341323, 0.008217562531, 0.0003009484870, 0.000007887996415, 0.002690094989, 0.006114060485
203.0000000, 270940.1107, 1177.942706, 7.478900428, 31670.95038, 348225.8041, 31900.96167, 384453.0695, 163.9396290, 1900.649520, 926.6794766, 662.7215537, 1754.433176, 921.4004011, 1.893247040, 1.390328104, 1029.423560, 217.5123771, 0.005997886058, 0.9446797966, 352552.1078, 44.01288000, 0.1762497322, 0.008245194399, 0.0002983762493, 0.000007910622484, 0.002699057186, 0.006119375676
203.5000000, 277536.7233, 1176.363274, 7.649561174, 32545.02528, 348420.0086, 32780.95301, 384701.4001, 168.2416601, 1897.580466, 926.2313199, 664.3482952, 1755.437488, 924.2338896, 1.895247386, 1.391188773, 1026.161172, 217.6209580, 0.006137050516, 0.9437666650, 351920.4471, 44.01288000, 0.1756661583, 0.008272968462, 0.0002958350454, 0.000007933299651, 0.002708110808, 0.006124931146
204.0000000, 284255.8723, 1174.780940, 7.823201470, 33419.51850, 348613.3801, 33661.48350, 384948.3605, 172.5352316, 1894.529727, 925.7881688, 665.9780882, 1756.461641, 927.0864789, 1.897260842, 1.392067540, 1022.899326, 217.7275657, 0.006278667704, 0.9428440741, 351286.8770, 44.01288000, 0.1750834071, 0.008300887576, 0.0002933243860, 0.000007956028588, 0.002717257000, 0.006130728257
204.5000000, 291099.0403, 1173.195674, 7.999857414, 34294.43802, 348805.9104, 34542.56290, 385193.9390, 176.8204249, 1891.497080, 925.3499878, 667.6108497, 1757.505753, 929.9582877, 1.899287595, 1.392964611, 1019.637994, 217.8321932, 0.006422766317, 0.9419119951, 350651.3761, 44.01288000, 0.1745014756, 0.008328954641, 0.0002908437899, 0.000007978809975, 0.002726496929, 0.006136768423
205.0000000, 298067.7159, 1171.607446, 8.179565401, 35169.79181, 348997.5914, 35424.20102, 385438.1236, 181.0973212, 1888.482309, 924.9167419, 669.2464978, 1758.569947, 932.8494405, 1.901327835, 1.393880198, 1016.377153, 217.9348335, 0.006569375217, 0.9409703995, 350013.9225, 44.01288000, 0.1739203605, 0.008357172607, 0.0002883927843, 0.000008001644501, 0.002735831784, 0.006143053106
205.5000000, 305163.3933, 1170.016228, 8.362362125, 36045.58790, 349188.4151, 36306.40770, 385680.9023, 185.3660011, 1885.485196, 924.4883967, 670.8849519, 1759.654346, 935.7600672, 1.903381754, 1.394814513, 1013.116775, 218.0354796, 0.006718523435, 0.9400192589, 349374.4946, 44.01288000, 0.1733400587, 0.008385544471, 0.0002859709042, 0.000008024532864, 0.002745262776, 0.006149583822
206.0000000, 312387.5728, 1168.421988, 8.548284585, 36921.83432, 349378.3731, 37189.19284, 385922.2633, 189.6265446, 1882.505527, 924.0649185, 672.5261328, 1760.759081, 938.6903035, 1.905449548, 1.395767774, 1009.856834, 218.1341245, 0.006870240175, 0.9390585452, 348733.0704, 44.01288000, 0.1727605670, 0.008414073280, 0.0002835776926, 0.000008047475773, 0.002754791140, 0.006156362140
206.5000000, 319741.7606, 1166.824697, 8.737370089, 37798.53912, 349567.4572, 38072.56637, 386162.1942, 193.8790315, 1879.543089, 923.6462741, 674.1699625, 1761.884285, 941.6402913, 1.907531415, 1.396740204, 1006.597304, 218.2307613, 0.007024554813, 0.9380882301, 348089.6278, 44.01288000, 0.1721818821, 0.008442762130, 0.0002812127003, 0.000008070473944, 0.002764418138, 0.006163389684
207.0000000, 327227.4681, 1165.224324, 8.929656258, 38675.71038, 349755.6588, 38956.53825, 386400.6829, 198.1235410, 1876.597670, 923.2324309, 675.8163645, 1763.030095, 944.6101787, 1.909627560, 1.397732029, 1003.338160, 218.3253831, 0.007181496902, 0.9371082859, 347444.1446, 44.01288000, 0.1716040011, 0.008471614170, 0.0002788754855, 0.000008093528106, 0.002774145051, 0.006170668132
207.5000000, 334846.2128, 1163.620837, 9.125181035, 39553.35621, 349942.9697, 39841.11852, 386637.7170, 202.3601521, 1873.669061, 922.8233568, 677.4652635, 1764.196652, 947.6001197, 1.911738188, 1.398743479, 1000.079374, 218.4179826, 0.007341096169, 0.9361186846, 346796.5985, 44.01288000, 0.1710269206, 0.008500632601, 0.0002765656141, 0.000008116638995, 0.002783973191, 0.006178199220
208.0000000, 342599.5175, 1162.014206, 9.323982685, 40431.48476, 350129.3811, 40726.31723, 386873.2843, 206.5889431, 1870.757054, 922.4190203, 679.1165858, 1765.384104, 950.6102751, 1.913863510, 1.399774788, 996.8209208, 218.5085531, 0.007503382522, 0.9351193986, 346146.9671, 44.01288000, 0.1704506376, 0.008529820679, 0.0002742826592, 0.000008139807361, 0.002793903891, 0.006185984741
208.5000000, 350488.9105, 1160.404399, 9.526099802, 41310.10418, 350314.8845, 41612.14449, 387107.3723, 210.8099921, 1867.861444, 922.0193906, 680.7702589, 1766.592600, 953.6408123, 1.916003739, 1.400826196, 993.5627731, 218.5970874, 0.007668386048, 0.9341104003, 345495.2278, 44.01288000, 0.1698751490, 0.008559181712, 0.0002720262009, 0.000008163033959, 0.002803938514, 0.006194026547
209.0000000, 358515.9254, 1158.791384, 9.731571318, 42189.22268, 350499.4711, 42498.61048, 387339.9682, 215.0233768, 1864.982026, 921.6244373, 682.4262121, 1767.822294, 956.6919054, 1.918159093, 1.401897946, 990.3049046, 218.6835785, 0.007836137016, 0.9330916621, 344841.3578, 44.01288000, 0.1693004516, 0.008588719067, 0.0002697958267, 0.000008186319561, 0.002814078448, 0.006202326552
209.5000000, 366682.1013, 1157.175129, 9.940436505, 43068.84847, 350683.1321, 43385.72540, 387571.0596, 219.2291744, 1862.118598, 921.2341307, 684.0843759, 1769.073347, 959.7637354, 1.920329793, 1.402990288, 987.0472883, 218.7680195, 0.008006665883, 0.9320631567, 344185.3342, 44.01288000, 0.1687265423, 0.008618436168, 0.0002675911306, 0.000008209664945, 0.002824325109, 0.006210886731
210.0000000, 374988.9825, 1155.555602, 10.15273498, 43948.98984, 350865.8586, 44273.49952, 387800.6337, 223.4274619, 1859.270958, 920.8484415, 685.7446825, 1770.345922, 962.8564906, 1.922516065, 1.404103473, 983.7898973, 218.8504032, 0.008180003289, 0.9310248565, 343527.1341, 44.01288000, 0.1681534181, 0.008648336496, 0.0002654117137, 0.000008233070902, 0.002834679942, 0.006219709122
210.5000000, 383438.1183, 1153.932771, 10.36850672, 44829.65506, 351047.6416, 45161.94315, 388028.6775, 227.6183159, 1856.438906, 920.4673411, 687.4070656, 1771.640188, 965.9703664, 1.924718139, 1.405237762, 980.5327047, 218.9307225, 0.008356180065, 0.9299767344, 342866.7343, 44.01288000, 0.1675810758, 0.008678423594, 0.0002632571836, 0.000008256538235, 0.002845144421, 0.006228795827
211.0000000, 392031.0634, 1152.306602, 10.58779204, 45710.85248, 351228.4721, 46051.06668, 388255.1781, 231.8018124, 1853.622246, 920.0908016, 689.0714603, 1772.956318, 969.1055658, 1.926936249, 1.406393417, 977.2756832, 219.0089705, 0.008535227235, 0.9289187631, 342204.1114, 44.01288000, 0.1670095123, 0.008708701065, 0.0002611271545, 0.000008280067757, 0.002855720049, 0.006238149015
211.5000000, 400769.3773, 1150.677061, 10.81063166, 46592.59046, 351408.3407, 46940.88052, 388480.1224, 235.9780275, 1850.820779, 919.7187953, 690.7378037, 1774.294491, 972.2622994, 1.929170633, 1.407570708, 974.0188054, 219.0851401, 0.008717176015, 0.9278509152, 341539.2419, 44.01288000, 0.1664387246, 0.008739172575, 0.0002590212470, 0.000008303660293, 0.002866408361, 0.006247770921
212.0000000, 409654.6247, 1149.044116, 11.03706663, 47474.87742, 351587.2383, 47831.39517, 388703.4974, 240.1470367, 1848.034311, 919.3512953, 692.4060341, 1775.654890, 975.4407857, 1.931421535, 1.408769909, 970.7620439, 219.1592241, 0.008902057818, 0.9267731635, 340872.1022, 44.01288000, 0.1658687096, 0.008769841855, 0.0002569390879, 0.000008327316683, 0.002877210922, 0.006257663850
212.5000000, 418688.3750, 1147.407732, 11.26713840, 48357.72179, 351765.1554, 48722.62118, 388925.2896, 244.3089152, 1845.262649, 918.9882753, 694.0760916, 1777.037703, 978.6412512, 1.933689200, 1.409991301, 967.5053710, 219.2312155, 0.009089904259, 0.9256854809, 340202.6684, 44.01288000, 0.1652994642, 0.008800712700, 0.0002548803104, 0.000008351037775, 0.002888129330, 0.006267830177
213.0000000, 427872.2025, 1145.767874, 11.50088880, 49241.13208, 351942.0825, 49614.56915, 389145.4856, 248.4637380, 1842.505599, 918.6297094, 695.7479180, 1778.443124, 981.8639305, 1.935973882, 1.411235169, 964.2487589, 219.3011071, 0.009280747152, 0.9245878400, 339530.9165, 44.01288000, 0.1647309854, 0.008831788975, 0.0002528445536, 0.000008374824432, 0.002899165214, 0.006278272350
213.5000000, 437207.6866, 1144.124509, 11.73836007, 50125.11681, 352118.0100, 50507.24977, 389364.0720, 252.6115798, 1839.762972, 918.2755724, 697.4214568, 1779.871353, 985.1090667, 1.938275837, 1.412501805, 960.9921796, 219.3688919, 0.009474618519, 0.9234802135, 338856.8222, 44.01288000, 0.1641632701, 0.008863074609, 0.0002508314625, 0.000008398677530, 0.002910320239, 0.006288992890
214.0000000, 446696.4109, 1142.477602, 11.97959483, 51009.68456, 352292.9283, 51400.67377, 389581.0351, 256.7525148, 1837.034577, 917.9258395, 699.0966530, 1781.322594, 988.3769115, 1.940595326, 1.413791508, 957.7356048, 219.4345627, 0.009671550590, 0.9223625742, 338180.3613, 44.01288000, 0.1635963152, 0.008894573606, 0.0002488406881, 0.000008422597957, 0.002921596104, 0.006299994391
214.5000000, 456339.9640, 1140.827115, 12.22463610, 51894.84397, 352466.8275, 52294.85196, 389796.3611, 260.8866172, 1834.320226, 917.5804867, 700.7734535, 1782.797057, 991.6677255, 1.942932618, 1.415104583, 954.4790062, 219.4981123, 0.009871575805, 0.9212348947, 337501.5092, 44.01288000, 0.1630301177, 0.008926290038, 0.0002468718870, 0.000008446586616, 0.002932994543, 0.006311279529
215.0000000, 466139.9392, 1139.173015, 12.47352735, 52780.60369, 352639.6977, 53189.79521, 390010.0362, 265.0139608, 1831.619733, 917.2394903, 702.4518068, 1784.294958, 994.9817781, 1.945287983, 1.416441339, 951.2223551, 219.5595336, 0.01007472682, 0.9200971475, 336820.2409, 44.01288000, 0.1624646746, 0.008958228054, 0.0002449247217, 0.000008470644422, 0.002944517327, 0.006322851054
215.5000000, 476097.9340, 1137.515265, 12.72631244, 53666.97245, 352811.5287, 54085.51447, 390222.0462, 269.1346193, 1828.932910, 916.9028274, 704.1316634, 1785.816518, 998.3193481, 1.947661699, 1.417802096, 947.9656229, 219.6188194, 0.01028103651, 0.9189493051, 336136.5317, 44.01288000, 0.1618999828, 0.008990391874, 0.0002429988598, 0.000008494772305, 0.002956166264, 0.006334711799
216.0000000, 486215.5507, 1135.853829, 12.98303568, 54553.95903, 352982.3105, 54982.02075, 390432.3771, 273.2486659, 1826.259575, 916.5704753, 705.8129752, 1787.361966, 1001.680724, 1.950054048, 1.419187177, 944.7087804, 219.6759626, 0.01049053797, 0.9177913400, 335450.3564, 44.01288000, 0.1613360392, 0.009022785799, 0.0002410939748, 0.000008518971209, 0.002967943199, 0.006346864680
216.5000000, 496494.3958, 1134.188668, 13.24374182, 55441.57224, 353152.0328, 55879.32516, 390641.0146, 277.3561737, 1823.599543, 916.2424124, 707.4956960, 1788.931534, 1005.066203, 1.952465319, 1.420596914, 941.4517984, 219.7309559, 0.01070326452, 0.9166232244, 334761.6894, 44.01288000, 0.1607728409, 0.009055414206, 0.0002392097451, 0.000008543242094, 0.002979850018, 0.006359312696
217.0000000, 506936.0804, 1132.519747, 13.50847606, 56329.82098, 353320.6851, 56777.43885, 390847.9442, 281.4572158, 1820.952632, 915.9186171, 709.1797816, 1790.525464, 1008.476093, 1.954895807, 1.422031647, 938.1946475, 219.7837921, 0.01091924971, 0.9154449306, 334070.5053, 44.01288000, 0.1602103847, 0.009088281553, 0.0002373458547, 0.000008567585932, 0.002991888649, 0.006372058935
217.5000000, 517542.2199, 1130.847028, 13.77728403, 57218.71416, 353488.2569, 57676.37308, 391053.1513, 285.5518647, 1818.318661, 915.5990688, 710.8651894, 1792.144000, 1011.910713, 1.957345810, 1.423491722, 934.9372979, 219.8344640, 0.01113852733, 0.9142564305, 333376.7782, 44.01288000, 0.1596486677, 0.009121392382, 0.0002355019925, 0.000008592003714, 0.003004061057, 0.006385106570
218.0000000, 528314.4337, 1129.170471, 14.05021188, 58108.26080, 353654.7375, 58576.13917, 391256.6212, 289.6401929, 1815.697450, 915.2837471, 712.5518786, 1793.787397, 1015.370390, 1.959815634, 1.424977493, 931.6797196, 219.8829643, 0.01136113139, 0.9130576961, 332680.4821, 44.01288000, 0.1590876867, 0.009154751316, 0.0002336778525, 0.000008616496445, 0.003016369253, 0.006398458868
218.5000000, 539254.3458, 1127.490040, 14.32730619, 58998.46994, 353820.1161, 59476.74853, 391458.3392, 293.7222728, 1813.088820, 914.9726326, 714.2398103, 1795.455914, 1018.855463, 1.962305593, 1.426489323, 928.4218825, 219.9292857, 0.01158709616, 0.9118486990, 331981.5906, 44.01288000, 0.1585274389, 0.009188363067, 0.0002318731337, 0.000008641065144, 0.003028815291, 0.006412119188
219.0000000, 550363.5841, 1125.805694, 14.60861404, 59889.35070, 353984.3818, 60378.21267, 391658.2900, 297.7981766, 1810.492594, 914.6657060, 715.9289474, 1797.149817, 1022.366283, 1.964816004, 1.428027581, 925.1637559, 219.9734209, 0.01181645614, 0.9106294109, 331280.0773, 44.01288000, 0.1579679210, 0.009222232434, 0.0002300875400, 0.000008665710851, 0.003041401270, 0.006426090982
219.5000000, 561643.7808, 1124.117394, 14.89418303, 60780.91225, 354147.5235, 61280.54315, 391856.4586, 301.8679760, 1807.908593, 914.3629488, 717.6192547, 1798.869380, 1025.903210, 1.967347193, 1.429592647, 921.9053090, 220.0153628, 0.01204924609, 0.9093998032, 330575.9155, 44.01288000, 0.1574091302, 0.009256364307, 0.0002283207800, 0.000008690434619, 0.003054129334, 0.006440377804
220.0000000, 573096.5721, 1122.425101, 15.18406123, 61673.16385, 354309.5300, 62183.75166, 392052.8296, 305.9317431, 1805.336643, 914.0643432, 719.3106989, 1800.614884, 1029.466616, 1.969899491, 1.431184907, 918.6465108, 220.0551038, 0.01228550102, 0.9081598468, 329869.0780, 44.01288000, 0.1568510632, 0.009290763669, 0.0002265725670, 0.000008715237519, 0.003067001675, 0.006454983303
220.5000000, 584723.5983, 1120.728774, 15.47829725, 62566.11480, 354470.3899, 63087.84995, 392247.3875, 309.9895494, 1802.776568, 913.7698716, 721.0032484, 1802.386616, 1033.056886, 1.972473237, 1.432804760, 915.3873299, 220.0926367, 0.01252525620, 0.9069095130, 329159.5376, 44.01288000, 0.1562937172, 0.009325435596, 0.0002248426189, 0.000008740120642, 0.003080020535, 0.006469911236
221.0000000, 596526.5035, 1119.028372, 15.77694023, 63459.77448, 354630.0917, 63992.84988, 392440.1167, 314.0414665, 1800.228194, 913.4795174, 722.6968737, 1804.184873, 1036.674416, 1.975068776, 1.434452609, 912.1277346, 220.1279540, 0.01276854717, 0.9056487722, 328447.2668, 44.01288000, 0.1557370890, 0.009360385262, 0.0002231306582, 0.000008765085093, 0.003093188204, 0.006485165460
221.5000000, 608506.9359, 1117.323853, 16.08003983, 64354.15234, 354788.6238, 64898.76341, 392631.0012, 318.0875659, 1797.691348, 913.1932644, 724.3915470, 1806.009957, 1040.319613, 1.977686463, 1.436128870, 908.8676927, 220.1610485, 0.01301540973, 0.9043775949, 327732.2378, 44.01288000, 0.1551811756, 0.009395617940, 0.0002214364118, 0.000008790131999, 0.003106507025, 0.006500749944
222.0000000, 620666.5477, 1115.615177, 16.38764628, 65249.25792, 354945.9743, 65805.60258, 392820.0251, 322.1279189, 1795.165858, 912.9110968, 726.0872425, 1807.862181, 1043.992900, 1.980326658, 1.437833967, 905.6071718, 220.1919127, 0.01326587995, 0.9030959514, 327014.4225, 44.01288000, 0.1546259739, 0.009431139004, 0.0002197596109, 0.000008815262505, 0.003119979394, 0.006516668765
222.5000000, 633006.9947, 1113.902301, 16.69981037, 66145.10081, 355102.1313, 66713.37955, 393007.1722, 326.1625966, 1792.651552, 912.6329996, 727.7839363, 1809.741864, 1047.694710, 1.982989728, 1.439568335, 902.3461394, 220.2205391, 0.01351999420, 0.9018038116, 326293.7926, 44.01288000, 0.1540714809, 0.009466953934, 0.0002180999911, 0.000008840477773, 0.003133607760, 0.006532926114
223.0000000, 645529.9368, 1112.185182, 17.01658345, 67041.69069, 355257.0826, 67622.10657, 393192.4260, 330.1916702, 1790.148260, 912.3589584, 729.4816064, 1811.649333, 1051.425489, 1.985676051, 1.441332420, 899.0845621, 220.2469203, 0.01377778911, 0.9005011449, 325570.3194, 44.01288000, 0.1535176935, 0.009503068313, 0.0002164572921, 0.000008865778989, 0.003147394629, 0.006549526299
223.5000000, 658237.0376, 1110.463776, 17.33801748, 67939.03733, 355410.8160, 68531.79601, 393375.7700, 334.2152109, 1787.655811, 912.0889592, 731.1802328, 1813.584926, 1055.185699, 1.988386010, 1.443126676, 895.8224066, 220.2710488, 0.01403930162, 0.8991879207, 324843.9740, 44.01288000, 0.1529646087, 0.009539487837, 0.0002148312577, 0.000008891167356, 0.003161342565, 0.006566473747
224.0000000, 671129.9643, 1108.738039, 17.66416499, 68837.15056, 355563.3189, 69442.46033, 393557.1875, 338.2332895, 1785.174036, 911.8229889, 732.8797972, 1815.548988, 1058.975813, 1.991119998, 1.444951570, 892.5596389, 220.2929171, 0.01430456896, 0.8978641080, 324114.7272, 44.01288000, 0.1524122232, 0.009576218310, 0.0002132216360, 0.000008916644099, 0.003175454190, 0.006583773009
224.5000000, 684210.3880, 1107.007928, 17.99507916, 69736.04032, 355714.5788, 70354.11212, 393736.6615, 342.2459772, 1782.702767, 911.5610348, 734.5802836, 1817.541873, 1062.796322, 1.993878417, 1.446807579, 889.2962247, 220.3125176, 0.01457362866, 0.8965296752, 323382.5494, 44.01288000, 0.1518605342, 0.009613265653, 0.0002116281787, 0.000008942210464, 0.003189732188, 0.006601428761
225.0000000, 697479.9834, 1105.273398, 18.33081377, 70635.71661, 355864.5828, 71266.76408, 393914.1748, 346.2533447, 1780.241837, 911.3030847, 736.2816777, 1819.563945, 1066.647727, 1.996661677, 1.448695193, 886.0321294, 220.3298427, 0.01484651857, 0.8951845906, 322647.4107, 44.01288000, 0.1513095384, 0.009650635903, 0.0002100506418, 0.000008967867719, 0.003204179306, 0.006619445809
225.5000000, 710940.4290, 1103.534401, 18.67142324, 71536.18954, 356013.3181, 72180.42902, 394089.7100, 350.2554631, 1777.791077, 911.0491273, 737.9839672, 1821.615578, 1070.530548, 1.999470197, 1.450614913, 882.7673177, 220.3448850, 0.01512327683, 0.8938288221, 321909.2810, 44.01288000, 0.1507592328, 0.009688335217, 0.0002084887849, 0.000008993617156, 0.003218798355, 0.006637829090
226.0000000, 724593.4066, 1101.790894, 19.01696267, 72437.46931, 356160.7713, 73095.11988, 394263.2496, 354.2524032, 1775.350322, 910.7991517, 739.6871417, 1823.697154, 1074.445319, 2.002304406, 1.452567252, 879.5017540, 220.3576366, 0.01540394193, 0.8924623370, 321168.1297, 44.01288000, 0.1502096143, 0.009726369876, 0.0002069423715, 0.000009019460087, 0.003233592214, 0.006656583681
226.5000000, 738440.6021, 1100.042827, 19.36748780, 73339.56622, 356306.9292, 74010.84972, 394434.7757, 358.2442359, 1772.919406, 910.5531477, 741.3911929, 1825.809068, 1078.392588, 2.005164742, 1.454552736, 876.2354024, 220.3680901, 0.01568855268, 0.8910851023, 320423.9260, 44.01288000, 0.1496606800, 0.009764746285, 0.0002054111690, 0.000009045397850, 0.003248563827, 0.006675714798
227.0000000, 752483.7044, 1098.290155, 19.72305507, 74242.49064, 356451.7782, 74927.63172, 394604.2704, 362.2310322, 1770.498163, 910.3111058, 743.0961143, 1827.951722, 1082.372922, 2.008051655, 1.456571904, 872.9682261, 220.3762376, 0.01597714822, 0.8896970846, 319676.6387, 44.01288000, 0.1491124262, 0.009803470980, 0.0002038949475, 0.000009071431806, 0.003263716213, 0.006695227800
227.5000000, 766724.4065, 1096.532830, 20.08372163, 75146.25307, 356595.3046, 75845.47920, 394771.7154, 366.2128629, 1768.086428, 910.0730170, 744.8019017, 1830.125532, 1086.386904, 2.010965602, 1.458625309, 869.7001883, 220.3820714, 0.01626976803, 0.8882982500, 318926.2362, 44.01288000, 0.1485648500, 0.009842550628, 0.0002023934817, 0.000009097563340, 0.003279052461, 0.006715128196
228.0000000, 781164.4045, 1094.770802, 20.44954532, 76050.86410, 356737.4944, 76764.40561, 394937.0922, 370.1897991, 1765.684038, 909.8388730, 746.5085525, 1832.330923, 1090.435132, 2.013907053, 1.460713516, 866.4312512, 220.3855838, 0.01656645195, 0.8868885639, 318172.6866, 44.01288000, 0.1480179484, 0.009881992032, 0.0002009065495, 0.000009123793865, 0.003294575736, 0.006735421648
228.5000000, 795805.3981, 1093.004022, 20.82058473, 76956.33444, 356878.3336, 77684.42453, 395100.3821, 374.1619118, 1763.290829, 909.6086663, 748.2160664, 1834.568331, 1094.518225, 2.016876487, 1.462837106, 863.1613768, 220.3867670, 0.01686724018, 0.8854679917, 317415.9575, 44.01288000, 0.1474717181, 0.009921802134, 0.0001994339322, 0.000009150124816, 0.003310289280, 0.006756113975
229.0000000, 810649.0907, 1091.232440, 21.19689921, 77862.67488, 357017.8078, 78605.54969, 395261.5661, 378.1292722, 1760.906637, 909.3823897, 749.9244449, 1836.838206, 1098.636818, 2.019874396, 1.464996675, 859.8905264, 220.3856131, 0.01717217327, 0.8840364977, 316656.0164, 44.01288000, 0.1469261560, 0.009961988017, 0.0001979754144, 0.000009176557660, 0.003326196415, 0.006777211156
229.5000000, 825697.1890, 1089.456006, 21.57854886, 78769.89636, 357155.9024, 79527.79497, 395420.6252, 382.0919514, 1758.531299, 909.1600372, 751.6336915, 1839.141006, 1102.791565, 2.022901284, 1.467192833, 856.6186608, 220.3821143, 0.01748129217, 0.8825940460, 315892.8302, 44.01288000, 0.1463812589, 0.01000255691, 0.0001965307843, 0.000009203093886, 0.003342300545, 0.006798719339
230.0000000, 840951.4032, 1087.674668, 21.96559458, 79678.00990, 357292.6027, 80451.17436, 395577.5397, 386.0500207, 1756.164653, 908.9416030, 753.3438118, 1841.477206, 1106.983138, 2.025957663, 1.469426205, 853.3457401, 220.3762626, 0.01779463819, 0.8811406002, 315126.3653, 44.01288000, 0.1458370235, 0.01004351620, 0.0001950998330, 0.000009229735015, 0.003358605159, 0.006820644842
230.5000000, 856413.4468, 1085.888374, 22.35809805, 80587.02666, 357427.8937, 81375.70206, 395732.2900, 390.0035516, 1753.806536, 908.7270822, 755.0548136, 1843.847291, 1111.212231, 2.029044063, 1.471697433, 850.0717239, 220.3680501, 0.01811225304, 0.8796761229, 314356.5879, 44.01288000, 0.1452934467, 0.01008487341, 0.0001936823550, 0.000009256482595, 0.003375113834, 0.006842994158
231.0000000, 872085.0368, 1084.097072, 22.75612181, 81496.95791, 357561.7602, 82301.39237, 395884.8561, 393.9526156, 1751.456787, 908.5164706, 756.7667063, 1846.251758, 1115.479557, 2.032161021, 1.474007177, 846.7965712, 220.3574688, 0.01843417883, 0.8782005766, 313583.4637, 44.01288000, 0.1447505251, 0.01012663624, 0.0001922781481, 0.000009283338205, 0.003391830235, 0.006865773965
231.5000000, 887967.8938, 1082.300707, 23.15972920, 82407.81506, 357694.1868, 83228.25977, 396035.2177, 397.8972843, 1749.115245, 908.3097648, 758.4795016, 1848.691121, 1119.785848, 2.035309091, 1.476356112, 843.5202402, 220.3445106, 0.01876045808, 0.8767139228, 312806.9579, 44.01288000, 0.1442082557, 0.01016881253, 0.0001908870128, 0.000009310303452, 0.003408758123, 0.006888991126
232.0000000, 904063.7415, 1080.499225, 23.56898447, 83319.60964, 357825.1577, 84156.31893, 396183.3544, 401.8376297, 1746.781748, 908.1069618, 760.1932133, 1851.165906, 1124.131862, 2.038488838, 1.478744932, 840.2426886, 220.3291674, 0.01909113372, 0.8752161225, 312027.0354, 44.01288000, 0.1436666350, 0.01021141031, 0.0001895087530, 0.000009337379976, 0.003425901352, 0.006912652696
232.5000000, 920374.3073, 1078.692572, 23.98395271, 84232.35330, 357954.6571, 85085.58464, 396329.2452, 405.7737237, 1744.456135, 907.9080598, 761.9078571, 1853.676652, 1128.518374, 2.041700844, 1.481174348, 836.9638732, 220.3114311, 0.01942624913, 0.8737071360, 311243.6606, 44.01288000, 0.1431256598, 0.01025443776, 0.0001881431754, 0.000009364569450, 0.003443263879, 0.006936765933
233.0000000, 936901.3217, 1076.880690, 24.40469995, 85146.05785, 358082.6688, 86016.07189, 396472.8692, 409.7056385, 1742.138245, 907.7130574, 763.6234507, 1856.223914, 1132.946185, 2.044945701, 1.483645092, 833.6837501, 220.2912935, 0.01976584811, 0.8721869229, 310456.7973, 44.01288000, 0.1425853269, 0.01029790325, 0.0001867900897, 0.000009391873578, 0.003460849761, 0.006961338295
233.5000000, 953646.5189, 1075.063524, 24.83129312, 86060.73522, 358209.1763, 86947.79584, 396614.2048, 413.6334466, 1739.827917, 907.5219541, 765.3400141, 1858.808264, 1137.416118, 2.048224019, 1.486157912, 830.4022750, 220.2687464, 0.02010997491, 0.8706554420, 309666.4089, 44.01288000, 0.1420456327, 0.01034181530, 0.0001854493083, 0.000009419294098, 0.003478663161, 0.006986377454
234.0000000, 970611.6361, 1073.241015, 25.26380013, 86976.39749, 358334.1631, 87880.77183, 396753.2304, 417.5572206, 1737.524992, 907.3347501, 767.0575691, 1861.430287, 1141.929020, 2.051536422, 1.488713580, 827.1194023, 220.2437814, 0.02045867425, 0.8691126513, 308872.4585, 44.01288000, 0.1415065741, 0.01038618266, 0.0001841206467, 0.000009446832784, 0.003496708352, 0.007011891302
234.5000000, 987798.4143, 1071.413105, 25.70228985, 87893.05690, 358457.6122, 88815.01540, 396889.9239, 421.4770334, 1735.229309, 907.1514465, 768.7761399, 1864.090586, 1146.485765, 2.054883551, 1.491312887, 823.8350861, 220.2163902, 0.02081199132, 0.8675585084, 308074.9085, 44.01288000, 0.1409681477, 0.01043101422, 0.0001828039229, 0.000009474491445, 0.003514989720, 0.007037887951
235.0000000, 1005208.598, 1069.579735, 26.14683213, 88810.72582, 358579.5064, 89750.54224, 397024.2630, 425.3929582, 1732.940706, 906.9720451, 770.4957524, 1866.789779, 1151.087249, 2.058266061, 1.493956645, 820.5492793, 220.1865644, 0.02116997178, 0.8659929695, 307273.7208, 44.01288000, 0.1404303499, 0.01047631910, 0.0001814989579, 0.000009502271926, 0.003533511767, 0.007064375751
235.5000000, 1022843.934, 1067.740844, 26.59749787, 89729.41680, 358699.8282, 90687.36829, 397156.2251, 429.3050682, 1730.659025, 906.7965486, 772.2164349, 1869.528503, 1155.734397, 2.061684626, 1.496645688, 817.2619341, 220.1542956, 0.02153266179, 0.8644159905, 306468.8568, 44.01288000, 0.1398931776, 0.01052210660, 0.0001802055751, 0.000009530176111, 0.003552279118, 0.007091363287
236.0000000, 1040706.173, 1065.896370, 27.05435901, 90649.14253, 358818.5599, 91625.50965, 397285.7870, 433.2134373, 1728.384104, 906.6249605, 773.9382176, 1872.307413, 1160.428161, 2.065139936, 1.499380874, 813.9730020, 220.1195751, 0.02190010802, 0.8628275261, 305660.2774, 44.01288000, 0.1393566271, 0.01056838623, 0.0001789236007, 0.000009558205922, 0.003571296520, 0.007118859396
236.5000000, 1058797.071, 1064.046253, 27.51748857, 91569.91586, 358935.6833, 92564.98264, 397412.9255, 437.1181396, 1726.115784, 906.4572853, 775.6611331, 1875.127180, 1165.169521, 2.068632698, 1.502163086, 810.6824332, 220.0823945, 0.02227235767, 0.8612275302, 304847.9428, 44.01288000, 0.1388206951, 0.01061516770, 0.0001776528633, 0.000009586363321, 0.003590568851, 0.007146873167
237.0000000, 1077118.385, 1062.190428, 27.98696067, 92491.74985, 359051.1803, 93505.80379, 397537.6168, 441.0192492, 1723.853903, 906.2935281, 777.3852158, 1877.988497, 1169.959485, 2.072163641, 1.504993227, 807.3901774, 220.0427450, 0.02264945844, 0.8596159558, 304031.8130, 44.01288000, 0.1382853780, 0.01066246095, 0.0001763931943, 0.000009614650311, 0.003610101123, 0.007175413955
237.5000000, 1095671.877, 1060.328831, 28.46285055, 93414.65769, 359165.0320, 94447.98985, 397659.8368, 444.9168410, 1721.598302, 906.1336952, 779.1105024, 1880.892076, 1174.799091, 2.075733510, 1.507872230, 804.0961830, 220.0006180, 0.02303145860, 0.8579927550, 303211.8470, 44.01288000, 0.1377506724, 0.01071027613, 0.0001751444272, 0.000009643068936, 0.003629898486, 0.007204491388
238.0000000, 1114459.310, 1058.461396, 28.94523464, 94338.65277, 359277.2196, 95391.55779, 397779.5612, 448.8109901, 1719.348820, 905.9777936, 780.8370319, 1883.838648, 1179.689410, 2.079343071, 1.510801053, 800.8003975, 219.9560047, 0.02341840697, 0.8563578789, 302388.0034, 44.01288000, 0.1372165746, 0.01075862362, 0.0001739063984, 0.000009671621286, 0.003649966232, 0.007234115377
238.5000000, 1133482.454, 1056.588058, 29.43419052, 95263.74867, 359387.7239, 96336.52481, 397896.7650, 452.7017719, 1717.105295, 905.8258312, 782.5648452, 1886.828966, 1184.631542, 2.082993110, 1.513780678, 797.5027675, 219.9088962, 0.02381035294, 0.8547112774, 301560.2402, 44.01288000, 0.1366830812, 0.01080751404, 0.0001726789463, 0.000009700309494, 0.003670309804, 0.007264296123
239.0000000, 1152743.080, 1054.708749, 29.92979704, 96189.95915, 359496.5251, 97282.90834, 398011.4231, 456.5892623, 1714.867567, 905.6778173, 784.2939855, 1889.863805, 1189.626623, 2.086684435, 1.516812120, 794.2032384, 219.8592835, 0.02420734651, 0.8530528996, 300728.5148, 44.01288000, 0.1361501885, 0.01085695824, 0.0001714619117, 0.000009729135738, 0.003690934795, 0.007295044132
239.5000000, 1172242.963, 1052.823400, 30.43213427, 97117.29816, 359603.6034, 98230.72607, 398123.5098, 460.4735377, 1712.635474, 905.5337615, 786.0244982, 1892.943962, 1194.675821, 2.090417875, 1.519896420, 790.9017545, 219.8071578, 0.02460943824, 0.8513826933, 299892.7837, 44.01288000, 0.1356178929, 0.01090696732, 0.0001702551380, 0.000009758102244, 0.003711846961, 0.007326370220
240.0000000, 1191983.882, 1050.931941, 30.94128357, 98045.77986, 359708.9386, 99179.99592, 398232.9991, 464.3546748, 1710.408855, 905.3936751, 787.7564309, 1896.070258, 1199.780340, 2.094194282, 1.523034649, 787.5982590, 219.7525099, 0.02501667934, 0.8497006054, 299053.0032, 44.01288000, 0.1350861907, 0.01095755264, 0.0001690584704, 0.000009787211287, 0.003733052220, 0.007358285526
240.5000000, 1211967.619, 1049.034302, 31.45732764, 98975.41863, 359812.5099, 100130.7361, 398339.8645, 468.2327510, 1708.187547, 905.2575700, 789.4898335, 1899.243537, 1204.941420, 2.098014532, 1.526227912, 784.2926939, 219.6953306, 0.02542912164, 0.8480065814, 298209.1285, 44.01288000, 0.1345550782, 0.01100872581, 0.0001678717568, 0.000009816465193, 0.003754556662, 0.007390801526
241.0000000, 1232195.961, 1047.130410, 31.98035053, 99906.22905, 359914.2964, 101082.9650, 398444.0792, 472.1078441, 1705.971389, 905.1254592, 791.2247580, 1902.464670, 1210.160340, 2.101879525, 1.529477342, 780.9850002, 219.6356107, 0.02584681763, 0.8463005659, 297361.1142, 44.01288000, 0.1340245518, 0.01106049871, 0.0001666948468, 0.000009845866336, 0.003776366555, 0.007423930040
241.5000000, 1252670.697, 1045.220192, 32.51043769, 100838.2259, 360014.2767, 102036.7013, 398545.6158, 475.9800322, 1703.760216, 904.9973571, 792.9612589, 1905.734552, 1215.438417, 2.105790185, 1.532784109, 777.6751173, 219.5733409, 0.02626982047, 0.8445825020, 296508.9145, 44.01288000, 0.1334946075, 0.01111288352, 0.0001655275926, 0.000009875417148, 0.003798488349, 0.007457683249
242.0000000, 1273393.621, 1043.303573, 33.04767597, 101771.4242, 360112.4293, 102991.9641, 398644.4465, 479.8493945, 1701.553867, 904.8732788, 794.6993927, 1909.054106, 1220.777008, 2.109747465, 1.536149416, 774.3629836, 219.5085118, 0.02669818398, 0.8428523318, 295652.4824, 44.01288000, 0.1329652417, 0.01116589268, 0.0001643698481, 0.000009905120111, 0.003820928686, 0.007492073704
242.5000000, 1294366.528, 1041.380477, 33.59215374, 102705.8393, 360208.7318, 103948.7726, 398740.5431, 483.7160102, 1699.352177, 904.7532409, 796.4392185, 1912.424283, 1226.177514, 2.113752343, 1.539574504, 771.0485360, 219.4411138, 0.02713196272, 0.8411099957, 294791.7704, 44.01288000, 0.1324364505, 0.01121953891, 0.0001632214694, 0.000009934977766, 0.003843694406, 0.007527114344
243.0000000, 1315591.221, 1039.450827, 34.14396085, 103641.4866, 360303.1619, 104907.1465, 398833.8768, 487.5799595, 1697.154981, 904.6372610, 798.1807974, 1915.846060, 1231.641378, 2.117805824, 1.543060648, 767.7317101, 219.3711375, 0.02757121194, 0.8393554332, 293926.7303, 44.01288000, 0.1319082300, 0.01127383528, 0.0001620823148, 0.000009964992711, 0.003866792553, 0.007562818505
243.5000000, 1337069.503, 1037.514543, 34.70318872, 104578.3818, 360395.6966, 105867.1054, 398924.4184, 491.4413231, 1694.962115, 904.5253580, 799.9241932, 1919.320449, 1237.170087, 2.121908945, 1.546609164, 764.4124400, 219.2985730, 0.02801598765, 0.8375885820, 293057.3129, 44.01288000, 0.1313805764, 0.01132879511, 0.0001609522442, 0.000009995167605, 0.003890230385, 0.007599199938
244.0000000, 1358803.184, 1035.571546, 35.26993035, 105516.5411, 360486.3125, 106828.6698, 399012.1381, 495.3001824, 1692.773413, 904.4175521, 801.6694718, 1922.848488, 1242.765177, 2.126062772, 1.550221408, 761.0906585, 219.2234107, 0.02846634661, 0.8358093787, 292183.4683, 44.01288000, 0.1308534855, 0.01138443210, 0.0001598311197, 0.00001002550517, 0.003914015382, 0.007636272825
244.5000000, 1380794.075, 1033.621754, 35.84428040, 106455.9805, 360574.9860, 107791.8600, 399097.0057, 499.1566194, 1690.588708, 904.3138647, 803.4167017, 1926.431250, 1248.428230, 2.130268400, 1.553898777, 757.7662968, 219.1456405, 0.02892234638, 0.8340177582, 291305.1457, 44.01288000, 0.1303269535, 0.01144076023, 0.0001587188053, 0.00001005600818, 0.003938155254, 0.007674051793
245.0000000, 1403043.992, 1031.665082, 36.42633521, 107396.7168, 360661.6928, 108756.6969, 399178.9904, 503.0107169, 1688.407833, 904.2143186, 805.1659537, 1930.069842, 1254.160880, 2.134526961, 1.557642712, 754.4392845, 219.0652526, 0.02938404531, 0.8322136540, 290422.2935, 44.01288000, 0.1298009763, 0.01149779385, 0.0001576151668, 0.00001008667950, 0.003962657947, 0.007712551931
245.5000000, 1425554.757, 1029.701448, 37.01619287, 108338.7666, 360746.4083, 109723.2016, 399258.0608, 506.8625586, 1686.230620, 904.1189380, 806.9173011, 1933.765403, 1259.964811, 2.138839617, 1.561454698, 751.1095496, 218.9822369, 0.02985150259, 0.8303969979, 289534.8592, 44.01288000, 0.1292755498, 0.01155554765, 0.0001565200717, 0.00001011752203, 0.003987531661, 0.007751788811
246.0000000, 1448328.193, 1027.730763, 37.61395324, 109282.1471, 360829.1073, 110691.3957, 399334.1850, 510.7122287, 1684.056901, 904.0277483, 808.6708198, 1937.519110, 1265.841764, 2.143207566, 1.565336269, 747.7770185, 218.8965831, 0.03032477823, 0.8285677202, 288642.7893, 44.01288000, 0.1287506698, 0.01161403669, 0.0001554333894, 0.00001014853877, 0.004012784848, 0.007791778502
246.5000000, 1471366.128, 1025.752941, 38.21971803, 110226.8756, 360909.7643, 111661.3011, 399407.3306, 514.5598125, 1681.886504, 903.9407768, 810.4265881, 1941.332177, 1271.793533, 2.147632043, 1.569289004, 744.4416159, 218.8082809, 0.03080393316, 0.8267257493, 287746.0295, 44.01288000, 0.1282263323, 0.01167327638, 0.0001543549912, 0.00001017973276, 0.004038426234, 0.007832537593
247.0000000, 1494670.396, 1023.767890, 38.83359084, 111172.9699, 360988.3531, 112632.9399, 399477.4643, 518.4053959, 1679.719260, 903.8580519, 812.1846869, 1945.205858, 1277.821973, 2.152114321, 1.573314535, 741.1032645, 218.7173199, 0.03128902917, 0.8248710122, 286844.5244, 44.01288000, 0.1277025329, 0.01173328254, 0.0001532847499, 0.00001021110716, 0.004064464822, 0.007874083210
247.5000000, 1518242.834, 1021.775520, 39.45567723, 112120.4480, 361064.8472, 113606.3349, 399544.5526, 522.2490660, 1677.554996, 903.7796038, 813.9451997, 1949.141445, 1283.928997, 2.156655712, 1.577414546, 737.7618856, 218.6236895, 0.03178012900, 0.8230034337, 285938.2177, 44.01288000, 0.1271792674, 0.01179407137, 0.0001522225400, 0.00001024266516, 0.004090909905, 0.007916433043
248.0000000, 1542085.282, 1019.775737, 40.08608474, 113069.3283, 361139.2195, 114581.5091, 399608.5610, 526.0909106, 1675.393539, 903.7054642, 815.7082125, 1953.140274, 1290.116584, 2.161257568, 1.581590774, 734.4173981, 218.5273791, 0.03227729631, 0.8211229371, 285027.0519, 44.01288000, 0.1266565314, 0.01185565949, 0.0001511682378, 0.00001027441005, 0.004117771083, 0.007959605360
248.5000000, 1566199.587, 1017.768446, 40.72492301, 114019.6293, 361211.4423, 115558.4858, 399669.4545, 529.9310185, 1673.234716, 903.6356666, 817.4738143, 1957.203725, 1296.386774, 2.165921285, 1.585845016, 731.0697195, 218.4283779, 0.03278059578, 0.8192294437, 284110.9687, 44.01288000, 0.1261343206, 0.01191806395, 0.0001501217210, 0.00001030634520, 0.004145058266, 0.008003619039
249.0000000, 1590587.599, 1015.753549, 41.37230378, 114971.3701, 361281.4874, 116537.2889, 399727.1975, 533.7694795, 1671.078349, 903.5702461, 819.2420965, 1961.333221, 1302.741680, 2.170648302, 1.590179125, 727.7187647, 218.3266748, 0.03329009306, 0.8173228727, 283189.9086, 44.01288000, 0.1256126304, 0.01198130221, 0.0001490828691, 0.00001033847408, 0.004172781697, 0.008048493586
249.5000000, 1615251.172, 1013.730947, 42.02834099, 115924.5701, 361349.3261, 117517.9427, 399781.7537, 537.6063846, 1668.924264, 903.5092395, 821.0131534, 1965.530235, 1309.183483, 2.175440105, 1.594595017, 724.3644471, 218.2222589, 0.03380585486, 0.8154031414, 282263.8109, 44.01288000, 0.1250914565, 0.01204539220, 0.0001480515629, 0.00001037080021, 0.004200951961, 0.008094249167
250.0000000, 1640192.167, 1011.700540, 42.69315087, 116879.2490, 361414.9290, 118500.4720, 399833.0858, 541.4418258, 1666.772281, 903.4526858, 822.7870821, 1969.796289, 1315.714438, 2.180298227, 1.599094671, 721.0066776, 218.1151190, 0.03432794895, 0.8134701650, 281332.6138, 44.01288000, 0.1245707941, 0.01211035232, 0.0001470276849, 0.00001040332724, 0.004229579997, 0.008140906629
250.5000000, 1665412.446, 1009.662222, 43.36685193, 117835.4270, 361478.2661, 119484.9018, 399881.1562, 545.2758962, 1664.622221, 903.4006255, 824.5639826, 1974.132955, 1322.336878, 2.185224251, 1.603680134, 717.6453649, 218.0052437, 0.03485644420, 0.8115238563, 280396.2544, 44.01288000, 0.1240506388, 0.01217620144, 0.0001460111190, 0.00001043605889, 0.004258677120, 0.008188487532
251.0000000, 1690913.881, 1007.615890, 44.04956512, 118793.1245, 361539.3070, 120471.2579, 399925.9262, 549.1086901, 1662.473903, 903.3531013, 826.3439577, 1978.541860, 1329.053214, 2.190219813, 1.608353522, 714.2804155, 217.8926215, 0.03539141062, 0.8095641263, 279454.6683, 44.01288000, 0.1235309859, 0.01224295894, 0.0001450017506, 0.00001046899899, 0.004288255032, 0.008237014180
251.5000000, 1716698.344, 1005.561434, 44.74141385, 119752.3625, 361598.0205, 121459.5663, 399967.3566, 552.9403031, 1660.327143, 903.3101581, 828.1271133, 1983.024687, 1335.865943, 2.195286602, 1.613117023, 710.9117336, 217.7772407, 0.03593291936, 0.8075908832, 278507.7902, 44.01288000, 0.1230118305, 0.01231064471, 0.0001439994663, 0.00001050215144, 0.004318325842, 0.008286509649
252.0000000, 1742767.716, 1003.498746, 45.44252410, 120713.1623, 361654.3746, 122449.8538, 400005.4070, 556.7708320, 1658.181758, 903.2718425, 829.9135581, 1987.583177, 1342.777647, 2.200426364, 1.617972901, 707.5392210, 217.6590897, 0.03648104281, 0.8056040331, 277555.5532, 44.01288000, 0.1224931678, 0.01237927917, 0.0001430041544, 0.00001053552029, 0.004348902079, 0.008336997824
252.5000000, 1769123.880, 1001.427711, 46.15302448, 121675.5457, 361708.3369, 123442.1474, 400040.0367, 560.6003750, 1656.037560, 903.2382038, 831.7034042, 1992.219129, 1349.790999, 2.205640905, 1.622923499, 704.1627767, 217.5381563, 0.03703585457, 0.8036034797, 276597.8893, 44.01288000, 0.1219749931, 0.01244888329, 0.0001420157043, 0.00001056910967, 0.004379996719, 0.008388503431
253.0000000, 1795768.726, 999.3482153, 46.87304630, 122639.5350, 361759.8741, 124436.4749, 400071.2037, 564.4290316, 1653.894363, 903.2092931, 833.4967666, 1996.934411, 1356.908767, 2.210932091, 1.627971243, 700.7822974, 217.4144286, 0.03759742955, 0.8015891239, 275634.7288, 44.01288000, 0.1214573013, 0.01251947862, 0.0001410340068, 0.00001060292381, 0.004411623196, 0.008441052076
253.5000000, 1822704.150, 997.2601410, 47.60272372, 123605.1527, 361808.9523, 125432.8645, 400098.8653, 568.2569029, 1651.751975, 903.1851643, 835.2937636, 2001.730952, 1364.133819, 2.216301851, 1.633118644, 697.3976769, 217.2878942, 0.03816584394, 0.7995608641, 274666.0008, 44.01288000, 0.1209400873, 0.01297063542, 0.0001400589539, 0.00001069023337, 0.004443795429, 0.008494670281
254.0000000, 1849932.053, 995.1633677, 48.34219377, 124572.4221, 361855.5369, 126431.3450, 400122.9780, 572.0840914, 1649.610205, 903.1658735, 837.0945168, 2006.610753, 1371.469123, 2.221752185, 1.638368302, 694.0088066, 217.1585406, 0.03874117532, 0.7975185959, 273691.6329, 44.01288000, 0.1204233462, 0.01304228501, 0.0001390904390, 0.00001072584997, 0.004476527842, 0.008549385528
254.5000000, 1877454.340, 993.0577723, 49.09159650, 125541.3668, 361899.5923, 127431.9459, 400143.4970, 575.9107012, 1647.468859, 903.1514794, 838.8991512, 2011.575886, 1378.917757, 2.227285159, 1.643722914, 690.6155746, 217.0263553, 0.03932350266, 0.7954622122, 272711.5511, 44.01288000, 0.1199070727, 0.01311513524, 0.0001381283566, 0.00001076173629, 0.004509835387, 0.008605226300
255.0000000, 1905272.924, 990.9432289, 49.85107503, 126512.0109, 361941.0824, 128434.6972, 400160.3770, 579.7368379, 1645.327739, 903.1420435, 840.7077950, 2016.628500, 1386.482912, 2.232902913, 1.649185270, 687.2178664, 216.8913254, 0.03991290639, 0.7933916029, 271725.6798, 44.01288000, 0.1193912616, 0.01318920425, 0.0001371726024, 0.00001079789784, 0.004543733568, 0.008662222129
255.5000000, 1933389.724, 988.8196085, 50.62077571, 127484.3793, 361979.9700, 129439.6295, 400173.5713, 583.5626089, 1643.186647, 903.1376299, 842.5205802, 2021.770822, 1394.167896, 2.238607666, 1.654758267, 683.8155642, 216.7534379, 0.04050946842, 0.7913066550, 270733.9418, 44.01288000, 0.1188759075, 0.01326451097, 0.0001362230732, 0.00001083434028, 0.004578238471, 0.008720403639
256.0000000, 1961806.664, 986.6867791, 51.40084817, 128458.4971, 362016.2174, 130446.7741, 400183.0324, 587.3881234, 1641.045382, 903.1383056, 844.3376422, 2027.005161, 1401.976139, 2.244401714, 1.660444908, 680.4085472, 216.6126797, 0.04111327221, 0.7892072521, 269736.2583, 44.01288000, 0.1183610050, 0.01334107521, 0.0001352796671, 0.00001087106940, 0.004613366784, 0.008779802601
256.5000000, 1990525.675, 984.5446059, 52.19144548, 129434.3902, 362049.7858, 131456.1631, 400188.7117, 591.2134925, 1638.903740, 903.1441407, 846.1591203, 2032.333914, 1409.911203, 2.250287438, 1.666248308, 676.9966913, 216.4690373, 0.04172440284, 0.7870932749, 268732.5486, 44.01288000, 0.1178465486, 0.01341891761, 0.0001343422830, 0.00001090809120, 0.004649135834, 0.008840451985
257.0000000, 2019548.693, 982.3929502, 52.99272425, 130412.0849, 362080.6354, 132467.8292, 400190.5594, 595.0388289, 1636.761514, 903.1552082, 847.9851574, 2037.759568, 1417.976781, 2.256267305, 1.672171699, 673.5798691, 216.3224972, 0.04234294700, 0.7849646005, 267722.7302, 44.01288000, 0.1173325328, 0.01349805910, 0.0001334108212, 0.00001094541186, 0.004685563612, 0.008902386017
257.5000000, 2048877.663, 980.2316705, 53.80484474, 131391.6083, 362108.7257, 133481.8057, 400188.5246, 598.8642475, 1634.618496, 903.1715845, 849.8159003, 2043.284704, 1426.176711, 2.262343877, 1.678218436, 670.1579498, 216.1730455, 0.04296899311, 0.7828211028, 266706.7189, 44.01288000, 0.1168189518, 0.01357852411, 0.0001324851826, 0.00001098303754, 0.004722668808, 0.008965640237
258.0000000, 2078514.536, 978.0606214, 54.62797100, 132372.9881, 362134.0152, 134498.1268, 400182.5552, 602.6898654, 1632.474471, 903.1933493, 851.6514999, 2048.912004, 1434.514977, 2.268519808, 1.684392005, 666.7307989, 216.0206682, 0.04360263135, 0.7806626519, 265684.4284, 44.01288000, 0.1163057999, 0.01366033417, 0.0001315652695, 0.00001102097487, 0.004760470845, 0.009030251566
258.5000000, 2108461.269, 975.8796542, 55.46227103, 133356.2525, 362156.4614, 135516.8275, 400172.5979, 606.5158016, 1630.329227, 903.2205859, 853.4921112, 2054.644252, 1442.995720, 2.274797856, 1.690696025, 663.2982781, 215.8653511, 0.04424395371, 0.7784891142, 264655.7704, 44.01288000, 0.1157930713, 0.01374351440, 0.0001306509849, 0.00001105923047, 0.004798989916, 0.009096258367
259.0000000, 2138719.826, 973.6886160, 56.30791685, 134341.4305, 362176.0205, 136537.9436, 400158.5982, 610.3421773, 1628.182542, 903.2533810, 855.3378932, 2060.484344, 1451.623241, 2.281180882, 1.697134259, 659.8602456, 215.7070798, 0.04489305408, 0.7763003524, 263620.6546, 44.01288000, 0.1152807598, 0.01382809028, 0.0001297422328, 0.00001109781119, 0.004838247020, 0.009163700521
259.5000000, 2169292.181, 971.4873504, 57.16508474, 135328.5519, 362192.6481, 137561.5117, 400140.5002, 614.1691164, 1626.034197, 903.2918254, 857.1890094, 2066.435290, 1460.402015, 2.287671859, 1.703710616, 656.4165555, 215.5458395, 0.04555002830, 0.7740962251, 262578.9885, 44.01288000, 0.1147688596, 0.01391408837, 0.0001288389182, 0.00001113672407, 0.004878264009, 0.009232619501
260.0000000, 2200180.312, 969.2756967, 58.03395531, 136317.6471, 362206.2983, 138587.5692, 400118.2466, 617.9967448, 1623.883966, 903.3360136, 859.0456279, 2072.500218, 1469.336696, 2.294273877, 1.710429165, 652.9670576, 215.3816153, 0.04621497423, 0.7718765869, 261530.6775, 44.01288000, 0.1142573644, 0.01400153630, 0.0001279409467, 0.00001117597634, 0.004919063624, 0.009303058450
260.5000000, 2231386.207, 967.0534901, 58.91471370, 137308.7472, 362216.9244, 139616.1544, 400091.7788, 621.8251912, 1621.731619, 903.3860444, 860.9079210, 2078.682387, 1478.432124, 2.300990147, 1.717294135, 649.5115980, 215.2143921, 0.04688799182, 0.7696412880, 260475.6244, 44.01288000, 0.1137462680, 0.01409046281, 0.0001270482249, 0.00001121557545, 0.004960669545, 0.009375062266
261.0000000, 2262911.862, 964.8205613, 59.80754976, 138301.8843, 362224.4781, 140647.3068, 400061.0367, 625.6545869, 1619.576924, 903.4420210, 862.7760662, 2084.985185, 1487.693341, 2.307824007, 1.724309933, 646.0500180, 215.0441543, 0.04756918319, 0.7673901741, 259413.7299, 44.01288000, 0.1132355640, 0.01418089778, 0.0001261606602, 0.00001125552906, 0.005003106442, 0.009448677693
261.5000000, 2294759.281, 962.5767366, 60.71265820, 139297.0912, 362228.9103, 141681.0666, 400025.9587, 629.4850658, 1617.419643, 903.5040508, 864.6502455, 2091.412142, 1497.125594, 2.314778932, 1.731481141, 642.5821545, 214.8708863, 0.04825865270, 0.7651230864, 258344.8921, 44.01288000, 0.1127252459, 0.01427287228, 0.0001252781608, 0.00001129584503, 0.005046400025, 0.009523953415
262.0000000, 2326930.476, 960.3218376, 61.63023878, 140294.4015, 362230.1703, 142717.4751, 399986.4815, 633.3167648, 1615.259537, 903.5722460, 866.5306461, 2097.966935, 1506.734352, 2.321858539, 1.738812538, 639.1078399, 214.6945722, 0.04895650705, 0.7628398615, 257269.0064, 44.01288000, 0.1122153071, 0.01436641856, 0.0001244006354, 0.00001133653148, 0.005090577097, 0.009600940155
262.5000000, 2359427.468, 958.0556807, 62.56049652, 141293.8498, 362228.2062, 143756.5746, 399942.5403, 637.1498238, 1613.096360, 903.6467240, 868.4174604, 2104.653395, 1516.525313, 2.329066591, 1.746309099, 635.6269017, 214.5151957, 0.04966285536, 0.7605403306, 256185.9657, 44.01288000, 0.1117057409, 0.01446157013, 0.0001235279935, 0.00001137759676, 0.005135665620, 0.009679690789
263.0000000, 2392252.288, 955.7780776, 63.50364186, 142295.4716, 362222.9648, 144798.4085, 399894.0686, 640.9843858, 1610.929862, 903.7276070, 870.3108861, 2111.475518, 1526.504419, 2.336407013, 1.753976014, 632.1391625, 214.3327403, 0.05037780925, 0.7582243201, 255095.6601, 44.01288000, 0.1111965405, 0.01455836177, 0.0001226601455, 0.00001141904947, 0.005181694770, 0.009760260455
263.5000000, 2425406.973, 953.4888343, 64.45989095, 143299.3032, 362214.3914, 145843.0215, 399840.9982, 644.8205968, 1608.759787, 903.8150225, 872.2111267, 2118.437471, 1536.677868, 2.343883890, 1.761818694, 628.6444396, 214.1471891, 0.05110148294, 0.7558916510, 253997.9767, 44.01288000, 0.1106876947, 0.01465682959, 0.0001217969946, 0.00001146089847, 0.005228695012, 0.009842706674
264.0000000, 2458893.575, 951.1877515, 65.42946580, 144305.3822, 362202.4297, 146890.4592, 399783.2589, 648.6586067, 1606.585878, 903.9091039, 874.1183910, 2125.543601, 1547.052128, 2.351501486, 1.769842785, 625.1425452, 213.9585252, 0.05183399335, 0.7535421386, 252892.7997, 44.01288000, 0.1101792047, 0.01475701104, 0.0001209384664, 0.00001150315292, 0.005276698166, 0.009927089486
264.5000000, 2492714.151, 948.8746240, 66.41259453, 145313.7471, 362187.0222, 147940.7687, 399720.7787, 652.4985684, 1604.407869, 904.0099903, 876.0328941, 2132.798448, 1557.633952, 2.359264246, 1.778054183, 621.6332858, 213.7667310, 0.05257546022, 0.7511755925, 251780.0100, 44.01288000, 0.1096710592, 0.01485894499, 0.0001200844660, 0.00001154582225, 0.005325737485, 0.01001347158
265.0000000, 2526870.770, 946.5492409, 67.40951167, 146324.4373, 362168.1094, 148993.9981, 399653.4836, 656.3406389, 1602.225490, 904.1178269, 877.9548571, 2140.206754, 1568.430395, 2.367176811, 1.786459044, 618.1164623, 213.5717888, 0.05332600619, 0.7487918164, 250659.4855, 44.01288000, 0.1091632510, 0.01496267180, 0.0001192349058, 0.00001158891620, 0.005375847738, 0.01010191846
265.5000000, 2561365.512, 944.2113845, 68.42045834, 147337.4936, 362145.6304, 150050.1971, 399581.2977, 660.1849788, 1600.038465, 904.2327654, 879.8845075, 2147.773474, 1579.448828, 2.375244026, 1.795063800, 614.5918699, 213.3736805, 0.05408575695, 0.7463906074, 249531.1005, 44.01288000, 0.1086557726, 0.01506823331, 0.0001183896986, 0.00001163244483, 0.005427065299, 0.01019249856
266.0000000, 2596200.467, 941.8608312, 69.44568260, 148352.9580, 362119.5224, 151109.4166, 399504.1426, 664.0317529, 1597.846512, 904.3549641, 881.8220795, 2155.503788, 1590.696960, 2.383470953, 1.803875177, 611.0592973, 213.1723879, 0.05485484134, 0.7439717564, 248394.7260, 44.01288000, 0.1081486165, 0.01517567298, 0.0001175487579, 0.00001167641856, 0.005479428234, 0.01028528348
266.5000000, 2631377.737, 939.4973500, 70.48543967, 149370.8734, 362089.7210, 152171.7091, 399421.9381, 667.8811301, 1595.649344, 904.4845884, 883.7678140, 2163.403115, 1602.182853, 2.391862883, 1.812900207, 607.5185272, 212.9678921, 0.05563339146, 0.7415350475, 247250.2290, 44.01288000, 0.1076417749, 0.01528503589, 0.0001167119971, 0.00001172084813, 0.005532976409, 0.01038034811
267.0000000, 2666899.434, 937.1207033, 71.53999229, 150391.2843, 362056.1597, 153237.1284, 399334.6014, 671.7332839, 1593.446666, 904.6218112, 885.7219590, 2171.477127, 1613.914948, 2.400425349, 1.822146252, 603.9693358, 212.7601740, 0.05642154287, 0.7390802576, 246097.4730, 44.01288000, 0.1071352401, 0.01539636887, 0.0001158793303, 0.00001176574469, 0.005587751592, 0.01047777082
267.5000000, 2702767.685, 934.7306457, 72.60961102, 151414.2365, 362018.7701, 154305.7301, 399242.0474, 675.5883921, 1591.238176, 904.7668129, 887.6847700, 2179.731762, 1625.902081, 2.409164142, 1.831621017, 600.4114924, 212.5492142, 0.05721943465, 0.7366071563, 244936.3173, 44.01288000, 0.1066290040, 0.01550972054, 0.0001150506719, 0.00001181111975, 0.005643797572, 0.01057763374
268.0000000, 2738984.625, 932.3269242, 73.69457455, 152439.7771, 361977.4819, 155377.5713, 399144.1885, 679.4466377, 1589.023567, 904.9197823, 889.6565101, 2188.173243, 1638.153514, 2.418085322, 1.841332577, 596.8447592, 212.3349928, 0.05802720960, 0.7341155056, 243766.6172, 44.01288000, 0.1061230586, 0.01562514141, 0.0001142259364, 0.00001185698524, 0.005701160280, 0.01068002287
268.5000000, 2775552.406, 929.9092778, 74.79517011, 153467.9547, 361932.2225, 156452.7108, 399040.9342, 683.3082085, 1586.802523, 905.0809164, 891.6374504, 2196.808092, 1650.678954, 2.427195240, 1.851289392, 593.2688915, 212.1174897, 0.05884501442, 0.7316050592, 242588.2234, 44.01288000, 0.1056173956, 0.01574268397, 0.0001134050385, 0.00001190335354, 0.005759887921, 0.01078502843
269.0000000, 2812473.189, 927.4774369, 75.91169380, 154498.8195, 361882.9172, 157531.2094, 398932.1918, 687.1732976, 1584.574719, 905.2504214, 893.6278704, 2205.643151, 1663.488582, 2.436500551, 1.861500338, 589.6836367, 211.8966841, 0.05967299979, 0.7290755629, 241400.9824, 44.01288000, 0.1051120067, 0.01586240280, 0.0001125878932, 0.00001195023746, 0.005820031119, 0.01089274502
269.5000000, 2849749.153, 925.0311229, 77.04445103, 155532.4232, 361829.4887, 158613.1294, 398817.8651, 691.0421037, 1582.339824, 905.4285128, 895.6280580, 2214.685599, 1676.593088, 2.446008236, 1.871974726, 586.0887345, 211.6725550, 0.06051132064, 0.7265267535, 240204.7357, 44.01288000, 0.1046068834, 0.01598435562, 0.0001117744154, 0.00001199765038, 0.005881643070, 0.01100327196
270.0000000, 2887382.487, 922.5700483, 78.19375691, 156568.8192, 361771.8577, 159698.5355, 398697.8554, 694.9148315, 1580.097498, 905.6154160, 897.6383103, 2223.942977, 1690.003694, 2.455725618, 1.882722334, 582.4839168, 211.4450811, 0.06136013629, 0.7239583586, 238999.3200, 44.01288000, 0.1041020170, 0.01610859961, 0.0001109645202, 0.00001204560594, 0.005944779707, 0.01111671357
270.5000000, 2925375.398, 920.0939155, 79.35993668, 157608.0627, 361709.9421, 160787.4940, 398572.0607, 698.7916915, 1577.847391, 905.8113667, 899.6589337, 2233.423208, 1703.732195, 2.465660391, 1.893753434, 578.8689067, 211.2142403, 0.06221961065, 0.7213700965, 237784.5666, 44.01288000, 0.1035973988, 0.01623519708, 0.0001101581227, 0.00001209411852, 0.006009499878, 0.01123317945
271.0000000, 2963730.105, 917.6024169, 80.54332626, 158650.2109, 361643.6570, 161880.0739, 398440.3756, 702.6729008, 1575.589143, 906.0166116, 901.6902444, 2243.134622, 1717.790991, 2.475820635, 1.905078825, 575.2434188, 210.9800103, 0.06308991243, 0.7187616755, 236560.3017, 44.01288000, 0.1030930198, 0.01636421202, 0.0001093551379, 0.00001214320300, 0.006075865540, 0.01135278486
271.5000000, 3002448.845, 915.0952341, 81.74427266, 159695.3225, 361572.9152, 162976.3459, 398302.6914, 706.5586832, 1573.322387, 906.2314089, 903.7325687, 2253.085984, 1732.193131, 2.486214848, 1.916709867, 571.6071586, 210.7423683, 0.06397121538, 0.7161327933, 235326.3456, 44.01288000, 0.1025888711, 0.01649571105, 0.0001085554806, 0.00001219287482, 0.006143941964, 0.01147565110
272.0000000, 3041533.869, 912.5720377, 82.96313457, 160743.4586, 361497.6260, 164076.3833, 398158.8959, 710.4492694, 1571.046742, 906.4560289, 905.7862438, 2263.286522, 1746.952353, 2.496851970, 1.928658516, 567.9598224, 210.5012909, 0.06486369848, 0.7134831369, 234082.5126, 44.01288000, 0.1020849434, 0.01662976362, 0.0001077590657, 0.00001224315003, 0.006213797963, 0.01160190587
272.5000000, 3080987.447, 910.0324862, 84.20028291, 161794.6824, 361417.6961, 165180.2621, 398008.8730, 714.3448978, 1568.761819, 906.6907547, 907.8516177, 2273.745956, 1762.083130, 2.507741415, 1.940937368, 564.3010965, 210.2567544, 0.06576754626, 0.7108123817, 232828.6110, 44.01288000, 0.1015812276, 0.01676644213, 0.0001069658075, 0.00001229404533, 0.006285506132, 0.01173168370
273.0000000, 3120811.865, 907.4762261, 85.45610141, 162849.0592, 361333.0289, 166288.0604, 397852.5028, 718.2458145, 1566.467215, 906.9358829, 909.9290503, 2284.474537, 1777.600721, 2.518893099, 1.953559698, 560.6306573, 210.0087344, 0.06668294899, 0.7081201914, 231564.4423, 44.01288000, 0.1010777142, 0.01690582210, 0.0001061756203, 0.00001234557807, 0.006359143114, 0.01186512646
273.5000000, 3161009.427, 904.9028905, 86.73098730, 163906.6567, 361243.5242, 167399.8596, 397689.6609, 722.1522737, 1564.162516, 907.1917240, 912.0189137, 2295.483078, 1793.521226, 2.530317481, 1.966539509, 556.9481704, 209.7572060, 0.06761010300, 0.7054062168, 230289.8013, 44.01288000, 0.1005743939, 0.01704798231, 0.0001053884178, 0.00001239776634, 0.006434789885, 0.01200238383
274.0000000, 3201582.456, 902.3120990, 88.02535192, 164967.5450, 361149.0785, 168515.7435, 397520.2191, 726.0645384, 1561.847296, 907.4586038, 914.1215924, 2306.782995, 1809.861645, 2.542025593, 1.979891581, 553.2532906, 209.5021439, 0.06854921100, 0.7026700958, 229004.4756, 44.01288000, 0.1000712569, 0.01719300505, 0.0001046041134, 0.00001245062893, 0.006512532062, 0.01214361384
274.5000000, 3242533.294, 899.7034571, 89.33962149, 166031.7970, 361049.5846, 169635.7992, 397344.0443, 729.9828806, 1559.521114, 907.7368639, 916.2374846, 2318.386353, 1826.639938, 2.554029087, 1.993631529, 549.5456615, 209.2435220, 0.06950048234, 0.6999114523, 227708.2451, 44.01288000, 0.09956829359, 0.01734097624, 0.0001038226198, 0.00001250418545, 0.006592460245, 0.01228898348
275.0000000, 3283864.302, 897.0765545, 90.67423787, 167099.4881, 360944.9313, 170760.1169, 397160.9987, 733.9075821, 1557.183516, 908.0268624, 918.3670024, 2330.305909, 1843.875098, 2.566340276, 2.007775860, 545.8249144, 208.9813138, 0.07046413339, 0.6971298958, 226400.8817, 44.01288000, 0.09906549431, 0.01749198568, 0.0001030438493, 0.00001255845632, 0.006674670380, 0.01243866934
275.5000000, 3325577.865, 894.4309655, 92.02965940, 168170.6968, 360835.0035, 171888.7902, 396970.9393, 737.8389347, 1554.834031, 908.3289754, 920.5105726, 2342.555161, 1861.587226, 2.578972183, 2.022342037, 542.0906687, 208.7154920, 0.07144038791, 0.6943250203, 225082.1491, 44.01288000, 0.09856284923, 0.01764612726, 0.0001022677134, 0.00001261346283, 0.006759264159, 0.01259285831
276.0000000, 3367676.386, 891.7662471, 93.40636174, 169245.5045, 360719.6815, 173021.9161, 396773.7181, 741.7772409, 1552.472176, 908.6435976, 922.6686372, 2355.148411, 1879.797612, 2.591938596, 2.037348552, 538.3425307, 208.4460289, 0.07242947741, 0.6914964039, 223751.8020, 44.01288000, 0.09806034852, 0.01780349922, 0.0001014941228, 0.00001266922721, 0.006846349459, 0.01275174832
276.5000000, 3410162.292, 889.0819387, 94.80483883, 170323.9959, 360598.8412, 174159.5954, 396569.1812, 745.7228146, 1550.097447, 908.9711434, 924.8416548, 2368.100816, 1898.528825, 2.605254120, 2.052815003, 534.5800932, 208.1728958, 0.07343164157, 0.6886436078, 222409.5858, 44.01288000, 0.09755798231, 0.01796420435, 0.0001007229872, 0.00001272577264, 0.006936040817, 0.01291554922
277.0000000, 3453038.034, 886.3775609, 96.22560392, 171406.2590, 360472.3537, 175301.9330, 396357.1691, 749.6759816, 1547.709325, 909.3120483, 927.0301005, 2381.428462, 1917.804808, 2.618934244, 2.068762176, 530.8029351, 207.8960637, 0.07444712869, 0.6857661751, 221055.2361, 44.01288000, 0.09705574075, 0.01812835033, 0.00009995421555, 0.00001278312334, 0.007028459949, 0.01308448363
277.5000000, 3496306.086, 883.6526143, 97.66919061, 172492.3854, 360340.0851, 176449.0377, 396137.5158, 753.6370805, 1545.307272, 909.6667702, 929.2344678, 2395.148428, 1937.650991, 2.632995407, 2.085212138, 527.0106208, 207.6155027, 0.07547619618, 0.6828636303, 219688.4781, 44.01288000, 0.09655361401, 0.01829604998, 0.00009918771547, 0.00001284130462, 0.007123736326, 0.01325878798
278.0000000, 3539968.948, 880.9065784, 99.13615403, 173582.4707, 360201.8960, 177601.0228, 395910.0489, 757.6064632, 1542.890730, 910.0357906, 931.4552687, 2409.278874, 1958.094402, 2.647455076, 2.102188336, 523.2026993, 207.3311820, 0.07651911103, 0.6799354781, 218309.0262, 44.01288000, 0.09605159234, 0.01846742159, 0.00009842339345, 0.00001290034296, 0.007222007794, 0.01343871355
278.5000000, 3584029.145, 878.1389106, 100.6270721, 174676.6143, 360057.6416, 178758.0063, 395674.5891, 761.5844957, 1540.459120, 910.4196161, 933.6930352, 2423.839117, 1979.163797, 2.662331824, 2.119715712, 519.3787036, 207.0430702, 0.07757615038, 0.6769812019, 216916.5828, 44.01288000, 0.09554966606, 0.01864258928, 0.00009766115461, 0.00001296026605, 0.007323421267, 0.01362452770
279.0000000, 3628489.232, 875.3490444, 102.1425467, 175774.9199, 359907.1708, 179920.1112, 395430.9496, 765.5715593, 1538.011840, 910.8187800, 935.9483202, 2438.849737, 2000.889801, 2.677645422, 2.137820816, 515.5381502, 206.7511352, 0.07864760212, 0.6740002631, 215510.8384, 44.01288000, 0.09504782564, 0.01882168332, 0.00009690090256, 0.00001302110290, 0.007428133478, 0.01381651517
279.5000000, 3673351.789, 872.5363883, 103.6832055, 176877.4958, 359750.3265, 181087.4655, 395178.9359, 769.5680511, 1535.548267, 911.2338441, 938.2216987, 2454.332671, 2023.305065, 2.693416939, 2.156531945, 511.6805380, 206.4553438, 0.07973376547, 0.6709920997, 214091.4703, 44.01288000, 0.09454606174, 0.01900484060, 0.00009614253929, 0.00001308288387, 0.007536311818, 0.01401497948
280.0000000, 3718619.429, 869.7003242, 105.2497030, 177984.4550, 359586.9446, 182260.2030, 394918.3452, 773.5743856, 1533.067751, 911.6654005, 940.5137690, 2470.311337, 2046.444429, 2.709668850, 2.175879287, 507.8053476, 206.1556621, 0.08083495173, 0.6679561246, 212658.1422, 44.01288000, 0.09404436527, 0.01919220500, 0.00009538596496, 0.00001314564084, 0.007648135251, 0.01422024455
280.5000000, 3764294.792, 866.8402055, 106.8427226, 179095.9158, 359416.8540, 183438.4633, 394648.9662, 777.5909949, 1530.569615, 912.1140735, 942.8251541, 2486.810756, 2070.345119, 2.726425157, 2.195895082, 503.9120407, 205.8520553, 0.08195148497, 0.6648917246, 211210.5029, 44.01288000, 0.09354272742, 0.01938392788, 0.00009463107778, 0.00001320940723, 0.007763795329, 0.01443265642
281.0000000, 3810380.554, 863.9553556, 108.4629781, 180212.0016, 359239.8761, 184622.3922, 394370.5780, 781.6183307, 1528.053156, 912.5805219, 945.1565032, 2503.857692, 2095.046947, 2.743711522, 2.216613799, 500.0000586, 205.5444874, 0.08308370281, 0.6617982582, 209748.1858, 44.01288000, 0.09304113978, 0.01958016860, 0.00009387777380, 0.00001327421814, 0.007883497321, 0.01465258519
281.5000000, 3856879.421, 861.0450658, 110.1112161, 181332.8420, 359055.8242, 185812.1423, 394082.9500, 785.6568652, 1525.517639, 913.0654414, 947.5084928, 2521.480813, 2120.592545, 2.761555414, 2.238072336, 496.0688216, 205.2329217, 0.08423195733, 0.6586750544, 208270.8077, 44.01288000, 0.09253959442, 0.01978109506, 0.00009312594670, 0.00001334011047, 0.008007461457, 0.01488042713
282.0000000, 3903794.139, 858.1085929, 111.7882174, 182458.5723, 358864.5030, 187007.8732, 393785.8411, 789.7070924, 1522.962298, 913.5695667, 949.8818290, 2539.710855, 2147.027618, 2.779986273, 2.260310233, 492.1177279, 204.9173202, 0.08539661595, 0.6555214106, 206777.9679, 44.01288000, 0.09203808393, 0.01998688430, 0.00009237548762, 0.00001340712301, 0.008135924313, 0.01511660708
282.5000000, 3951127.485, 855.1451572, 113.4948000, 183589.3349, 358665.7081, 188209.7522, 393478.9990, 793.7695300, 1520.386333, 914.0936750, 952.2772488, 2558.580822, 2174.401224, 2.799035692, 2.283369919, 488.1461523, 204.5976438, 0.08657806246, 0.6523365903, 205269.2467, 44.01288000, 0.09153660163, 0.02019772317, 0.00009162628486, 0.00001347529660, 0.008269140355, 0.01536158102
283.0000000, 3998882.278, 852.1539401, 115.2318211, 184725.2789, 358459.2255, 189417.9548, 393162.1594, 797.8447203, 1517.788906, 914.6385884, 954.6955224, 2578.126194, 2202.766093, 2.818737616, 2.307296978, 484.1534451, 204.2738525, 0.08777669811, 0.6491198214, 203744.2046, 44.01288000, 0.09103514161, 0.02041380903, 0.00009087822369, 0.00001354467428, 0.008407383655, 0.01561583900
283.5000000, 4047061.377, 849.1340808, 117.0001802, 185866.5610, 358244.8306, 190632.6650, 392835.0455, 801.9332330, 1515.169143, 915.2051775, 957.1374547, 2598.385169, 2232.178974, 2.839128572, 2.332140449, 480.1389307, 203.9459048, 0.08899294280, 0.6458702932, 202202.3805, 44.01288000, 0.09053369894, 0.02063535053, 0.00009013118603, 0.00001361530143, 0.008550949815, 0.01587990842
284.0000000, 4095667.680, 846.0846739, 118.8008216, 187013.3459, 358022.2878, 191854.0762, 392497.3666, 806.0356660, 1512.526125, 915.7943646, 959.6038882, 2619.398925, 2262.701024, 2.860247918, 2.357953164, 476.1019064, 203.6137579, 0.09022723638, 0.6425871544, 200643.2904, 44.01288000, 0.09003226983, 0.02086256850, 0.00008938505017, 0.00001368722593, 0.008700158117, 0.01615435762
284.5000000, 4144704.132, 843.0047657, 120.6347379, 188165.8073, 357791.3497, 193082.3917, 392148.8176, 810.1526484, 1509.858890, 916.4071282, 962.0957051, 2641.211922, 2294.398254, 2.882138124, 2.384792117, 472.0416405, 203.2773677, 0.09148004007, 0.6392695096, 199066.4259, 44.01288000, 0.08953085181, 0.02109569685, 0.00008863969046, 0.00001376049842, 0.008855353936, 0.01643979998
285.0000000, 4194173.723, 839.8933509, 122.5029736, 189324.1277, 357551.7559, 194317.8256, 391789.0777, 814.2848426, 1507.166429, 917.0445068, 964.6138299, 2663.872234, 2327.342009, 2.904845092, 2.412718890, 467.9573708, 202.9366888, 0.09275183800, 0.6359164169, 197471.2521, 44.01288000, 0.08902944401, 0.02133498366, 0.00008789497691, 0.00001383517240, 0.009016911454, 0.01673689844
285.5000000, 4244079.491, 836.7493685, 124.4066286, 190488.4999, 357303.2326, 195560.6035, 391417.8094, 818.4329463, 1504.447678, 917.7076038, 967.1592325, 2687.431931, 2361.609531, 2.928418506, 2.441800121, 463.8483032, 202.5916738, 0.09404313892, 0.6325268837, 195857.2059, 44.01288000, 0.08852804737, 0.02158069228, 0.00008715077483, 0.00001391130456, 0.009185236718, 0.01704637061
286.0000000, 4294424.524, 833.5716975, 126.3468628, 191659.1276, 357045.4910, 196810.9634, 391034.6573, 822.5976961, 1501.701521, 918.3975927, 969.7329310, 2711.947495, 2397.284572, 2.952912243, 2.472108036, 459.7136091, 202.2422742, 0.09535447805, 0.6290998637, 194223.6939, 44.01288000, 0.08802666504, 0.02183310263, 0.00008640694440, 0.00001398895498, 0.009360771099, 0.01736899460
286.5000000, 4345211.965, 830.3591524, 128.3249003, 192836.2258, 356778.2266, 198069.1566, 390639.2462, 826.7798700, 1498.926780, 919.1157226, 972.3359954, 2737.480312, 2434.458101, 2.978384816, 2.503721052, 455.5524238, 201.8884393, 0.09668641916, 0.6256342522, 192570.0897, 44.01288000, 0.08752530267, 0.02209251257, 0.00008566334016, 0.00001406818740, 0.009543995205, 0.01770561548
287.0000000, 4396445.012, 827.1104775, 130.3420351, 194020.0223, 356501.1179, 199335.4489, 390231.1806, 830.9802910, 1496.122213, 919.8633246, 974.9695511, 2764.097209, 2473.229101, 3.004899897, 2.536724452, 451.3638441, 201.5301169, 0.09803955677, 0.6221288821, 190895.7317, 44.01288000, 0.08702396888, 0.02235923949, 0.00008491981056, 0.00001414906955, 0.009735433329, 0.01805715266
287.5000000, 4448126.921, 823.8243416, 132.3996362, 195210.7586, 356213.8247, 200610.1219, 389810.0418, 835.1998310, 1493.286509, 920.6418188, 977.6347832, 2791.871076, 2513.705469, 3.032526895, 2.571211164, 447.1469259, 201.1672525, 0.09941451872, 0.6185825185, 189199.9199, 44.01288000, 0.08652267576, 0.02263362201, 0.00008417619731, 0.00001423167350, 0.009935658511, 0.01842460832
288.0000000, 4500261.012, 820.4993312, 134.4991540, 196408.6906, 355915.9870, 201893.4739, 389375.3871, 839.4394144, 1490.418280, 921.4527220, 980.3329407, 2820.881576, 2556.005046, 3.061341628, 2.607282628, 442.9006813, 200.7997896, 0.1008119689, 0.6149938536, 187481.9132, 44.01288000, 0.08602143944, 0.02291602194, 0.00008343233482, 0.00001431607598, 0.01014529832, 0.01880907688
288.5000000, 4552850.668, 817.1339438, 136.6421274, 197614.0906, 355607.2229, 203185.8218, 388926.7471, 843.7000235, 1487.516056, 922.2976559, 983.0653413, 2851.215949, 2600.256794, 3.091427080, 2.645049810, 438.6240757, 200.4276694, 0.1022326102, 0.6113615002, 185740.9254, 44.01288000, 0.08552028080, 0.02320682641, 0.00008268804941, 0.00001440235887, 0.01036504148, 0.01921175594
289.0000000, 4605899.342, 813.7265796, 138.8301910, 198827.2482, 355287.1274, 204487.5024, 388463.6239, 847.9827029, 1484.578279, 923.1783571, 985.8333772, 2882.969942, 2646.602137, 3.122874274, 2.684634339, 434.3160250, 200.0508307, 0.1036771882, 0.6076839853, 183976.1215, 44.01288000, 0.08501922624, 0.02350645032, 0.00008194315862, 0.00001449060962, 0.01059564548, 0.01963395871
289.5000000, 4659410.561, 810.2755330, 141.0650843, 200048.4720, 354955.2696, 205798.8746, 387985.4881, 852.2885655, 1481.603293, 924.0966873, 988.6385205, 2916.248872, 2695.196509, 3.155783277, 2.726169832, 429.9753915, 199.6692095, 0.1051464947, 0.6039597427, 182186.6135, 44.01288000, 0.08451830867, 0.02381533906, 0.00008119747027, 0.00001458092178, 0.01083794535, 0.02007712839
290.0000000, 4713387.927, 806.7789823, 143.3486608, 201278.0915, 354611.1906, 207120.3210, 387491.7763, 856.6187992, 1478.589335, 925.0546452, 991.4823300, 2951.168866, 2746.211137, 3.190264361, 2.769803408, 425.6009801, 199.2827391, 0.1066413720, 0.6001871042, 180371.4553, 44.01288000, 0.08401756860, 0.02413397157, 0.00008045078150, 0.00001467339557, 0.01109286379, 0.02054285462
290.5000000, 4767835.125, 803.2349795, 145.6828986, 202516.4590, 354254.4012, 208452.2502, 386981.8879, 860.9746735, 1475.534528, 926.0543799, 994.3664584, 2987.858279, 2799.835098, 3.226439336, 2.815697447, 421.1915346, 198.8913494, 0.1081627179, 0.5963642906, 178529.6376, 44.01288000, 0.08351705546, 0.02446286381, 0.00007970287770, 0.00001476813858, 0.01136142296, 0.02103289266
291.0000000, 4822755.926, 799.6414368, 148.0699129, 203763.9519, 353884.3788, 209795.1000, 386455.1815, 865.3575481, 1472.436866, 927.0982060, 997.2926601, 3026.459360, 2856.277717, 3.264443120, 2.864031624, 416.7457320, 198.4949672, 0.1097114907, 0.5924894014, 176660.0816, 44.01288000, 0.08301682918, 0.02480257276, 0.00007895353127, 0.00001486526646, 0.01164475823, 0.02154918550
291.5000000, 4878154.193, 795.9961134, 150.5119690, 205020.9748, 353500.5640, 211149.3392, 385910.9712, 869.7688816, 1469.294206, 928.1886199, 1000.262800, 3067.130191, 2915.771352, 3.304425550, 2.915005288, 412.2621781, 198.0935154, 0.1112887156, 0.5885604024, 174761.6320, 44.01288000, 0.08251696205, 0.02515370084, 0.00007820250022, 0.00001496490378, 0.01194413417, 0.02209388974
292.0000000, 4934033.887, 792.2965993, 153.0114979, 206287.9632, 353102.3573, 212515.4718, 385348.5215, 874.2102421, 1466.104248, 929.3283194, 1003.278865, 3110.046956, 2978.574657, 3.346553518, 2.968840231, 407.7394011, 197.6869130, 0.1128954911, 0.5845751132, 172833.0496, 44.01288000, 0.08201754094, 0.02551690114, 0.00007744952663, 0.00001506718497, 0.01226096347, 0.02266940583
292.5000000, 4990399.070, 788.5402975, 155.5711132, 207565.3860, 352689.1142, 213894.0404, 384767.0429, 878.6833191, 1462.864524, 930.5202249, 1006.342971, 3155.406625, 3044.976419, 3.391013478, 3.025783959, 403.1758454, 197.2750744, 0.1145329973, 0.5805311918, 170873.0024, 44.01288000, 0.08151866994, 0.02589288327, 0.00007669433485, 0.00001517225538, 0.01259682912, 0.02327841357
293.0000000, 5047253.920, 784.7244031, 158.1936316, 208853.7493, 352260.1415, 215285.6302, 384165.6858, 883.1899361, 1459.572378, 931.7675043, 1009.457381, 3203.430112, 3115.300082, 3.438014416, 3.086113532, 398.5698638, 196.8579094, 0.1162025043, 0.5764261174, 168880.0556, 44.01288000, 0.08102047358, 0.02628242016, 0.00007593662949, 0.00001528027256, 0.01295351084, 0.02392391411
293.5000000, 5104602.728, 780.8458804, 160.8820944, 210153.6010, 351814.6908, 216690.8740, 383543.5339, 887.7320669, 1456.224946, 933.0736011, 1012.624513, 3254.366049, 3189.909115, 3.487791365, 3.150140131, 393.9197100, 196.4353221, 0.1179053826, 0.5722571713, 166852.6599, 44.01288000, 0.08052310063, 0.02668635601, 0.00007517609309, 0.00001539140757, 0.01333301642, 0.02460927963
294.0000000, 5162449.914, 776.9014356, 163.6397941, 211465.5352, 351351.9533, 218110.4578, 382899.5970, 892.3118524, 1452.819128, 934.4422665, 1015.846960, 3308.495278, 3269.213413, 3.540609620, 3.218214496, 389.2235288, 196.0072110, 0.1196431144, 0.5680214147, 164789.1392, 44.01288000, 0.08002672881, 0.02710561537, 0.00007441238348, 0.00001550584673, 0.01373761932, 0.02533831269
294.5000000, 5220800.035, 772.8874858, 166.4703033, 212790.1982, 350871.0518, 219545.1272, 382232.8018, 896.9316214, 1449.351569, 935.8775966, 1019.127508, 3366.136260, 3353.676963, 3.596769783, 3.290733433, 384.4793459, 195.5734676, 0.1214173074, 0.5637156629, 162687.6746, 44.01288000, 0.07953157036, 0.02754121390, 0.00007364513067, 0.00001562379336, 0.01416990395, 0.02611531721
295.0000000, 5279657.792, 768.8001233, 169.3775100, 214128.2947, 350371.0330, 220995.6945, 381541.9824, 901.5939137, 1445.818619, 937.3840758, 1022.469152, 3427.651603, 3443.827084, 3.656613859, 3.368147662, 379.6850556, 195.1339764, 0.1232297100, 0.5593364563, 160546.2880, 44.01288000, 0.07903787896, 0.02799427094, 0.00007287393334, 0.00001574547004, 0.01463282038, 0.02694518412
295.5000000, 5339028.042, 764.6350736, 172.3656564, 215480.5953, 349850.8581, 222463.0477, 380825.8687, 906.3015079, 1442.216300, 938.9666262, 1025.875123, 3493.456006, 3540.265635, 3.720532667, 3.450971327, 374.8384080, 194.6886134, 0.1250822297, 0.5548800257, 158362.8210, 44.01288000, 0.07854595814, 0.02846602435, 0.00007209835471, 0.00001587112110, 0.01512975114, 0.02783349513
296.0000000, 5398915.813, 760.3876466, 175.4393862, 216847.9455, 349309.3910, 223948.1606, 380083.0726, 911.0574531, 1438.540264, 940.6306664, 1029.348912, 3564.025979, 3643.682678, 3.788974893, 3.539793588, 369.9369926, 194.2372456, 0.1269769539, 0.5503422534, 156134.9120, 44.01288000, 0.07805617163, 0.02895784813, 0.00007131791762, 0.00001600101563, 0.01566459301, 0.02878664943
296.5000000, 5459326.316, 756.0526792, 178.6037988, 218231.2761, 348745.3859, 225452.1041, 379312.0723, 915.8651069, 1434.785742, 942.3821800, 1032.894301, 3639.911820, 3754.873285, 3.862458244, 3.635292867, 364.9782211, 193.7797293, 0.1289161752, 0.5457186259, 153859.9683, 44.01288000, 0.07756895616, 0.02947127351, 0.00007053209895, 0.00001613545089, 0.01624185812, 0.02981201920
297.0000000, 5520264.959, 751.6244672, 181.8645139, 219631.6153, 348157.4717, 226976.0609, 378511.1941, 920.7281797, 1430.947484, 944.2277964, 1036.515399, 3721.752497, 3874.758320, 3.941583283, 3.738254468, 359.9593060, 193.3159092, 0.1309024206, 0.5410041799, 151535.1332, 44.01288000, 0.07708483729, 0.03000801434, 0.00006974032278, 0.00001627475657, 0.01686679972, 0.03091814227
297.5000000, 5581737.367, 747.0966846, 185.2277481, 221050.1034, 347544.1338, 228521.3417, 377678.5895, 925.6507885, 1427.019689, 946.1748868, 1040.216678, 3810.294273, 4004.410380, 4.027050735, 3.849592554, 354.8772371, 192.8456164, 0.1329384869, 0.5361934369, 149157.2478, 44.01288000, 0.07660444921, 0.03056999771, 0.00006894195243, 0.00001641929964, 0.01754556996, 0.03211496230
298.0000000, 5643749.400, 742.4622865, 188.7004066, 222488.0103, 346903.6924, 230089.4057, 376812.2098, 930.6375201, 1422.995923, 948.2316794, 1044.003028, 3906.414230, 4145.086426, 4.119683317, 3.970377783, 349.7287529, 192.3686669, 0.1350274828, 0.5312803264, 146722.8041, 44.01288000, 0.07612855951, 0.03115940154, 0.00006813628085, 0.00001656949033, 0.01828541960, 0.03341413106
298.5000000, 5706307.176, 737.7133927, 192.2901933, 223946.7568, 346234.2759, 231681.8844, 375909.7735, 935.6935087, 1418.869017, 950.4073977, 1047.879801, 4011.150265, 4298.269225, 4.220453539, 4.101872391, 344.5103070, 191.8848588, 0.1371728796, 0.5262580930, 144227.8892, 44.01288000, 0.07565810029, 0.03177870065, 0.00006732251899, 0.00001672578933, 0.01909495317, 0.03482939224
299.0000000, 5769417.097, 732.8411450, 196.0057447, 225427.9402, 345533.7900, 233300.6110, 374968.7288, 940.8245294, 1414.630944, 952.7124278, 1051.852887, 4125.739715, 4465.720494, 4.330519467, 4.245575165, 339.2180291, 191.3939699, 0.1393785740, 0.5211191841, 141668.1178, 44.01288000, 0.07519420763, 0.03243072413, 0.00006649978169, 0.00001688871652, 0.01998445828, 0.03637707366
299.5000000, 5833085.875, 727.8355333, 199.8567940, 226933.3658, 344799.8785, 234947.6570, 373986.2061, 946.0371140, 1410.272670, 955.1585240, 1055.928783, 4251.669672, 4649.549810, 4.451271245, 4.403279734, 333.8476770, 190.8957546, 0.1416489638, 0.5158551131, 139038.5492, 44.01288000, 0.07473827154, 0.03311872715, 0.00006566707041, 0.00001705886175, 0.02096633555, 0.03807672545
300.0000000, 5897320.569, 722.6851801, 203.8543733, 228465.0865, 344029.8753, 236625.3764, 372958.9606, 951.3386934, 1405.783974, 957.7590613, 1060.114688, 4390.743303, 4852.305010, 4.584392339, 4.577151006, 328.3945796, 190.3899395, 0.1439890429, 0.5104562915, 136333.5843, 44.01288000, 0.07429199985, 0.03384648094, 0.00006482325175, 0.00001723689802, 0.02205566651, 0.03995195722
300.5000000, 5962128.623, 717.3770700, 208.0110665, 230025.4513, 343220.7455, 238336.4621, 371883.3005, 956.7377776, 1401.153213, 960.5293513, 1064.418614, 4545.168450, 5077.092343, 4.731941240, 4.769826718, 322.8535673, 189.8762187, 0.1464045204, 0.5049118189, 133546.8383, 44.01288000, 0.07385750003, 0.03461839421, 0.00006396703065, 0.00001742359917, 0.02327097409, 0.04203155068
301.0000000, 6027517.912, 711.8962091, 212.3413276, 231617.1677, 342369.0104, 240084.0170, 370754.9962, 962.2441817, 1396.367036, 963.4870385, 1068.849517, 4717.677723, 5327.738439, 4.896462054, 4.984554283, 317.2188856, 189.3542481, 0.1489019709, 0.4992092205, 130670.9792, 44.01288000, 0.07343738478, 0.03543965764, 0.00006309691653, 0.00001761985973, 0.02463525588, 0.04435095960
301.5000000, 6093496.793, 706.2251883, 216.8618887, 233243.3812, 341470.6518, 241871.6444, 369569.1657, 967.8693178, 1391.410019, 966.6526066, 1073.417464, 4911.693956, 5609.012144, 5.081136617, 5.225378133, 311.4840884, 188.8236379, 0.1514890283, 0.4933341132, 127697.5213, 44.01288000, 0.07303490884, 0.03631644845, 0.00006221117987, 0.00001782672327, 0.02617741096, 0.04695436391
302.0000000, 6160074.172, 700.3436161, 221.5922863, 234907.7787, 340520.9892, 243703.5669, 368320.1255, 973.6265729, 1386.264184, 970.0500314, 1078.133830, 5131.562264, 5926.933703, 5.289997524, 5.497400727, 305.6419032, 188.2839433, 0.1541746378, 0.4872697743, 124616.5586, 44.01288000, 0.07265414771, 0.03725619634, 0.00006130779593, 0.00001804541772, 0.02793424613, 0.04989753261
302.5000000, 6227259.580, 694.2273715, 226.5555552, 236614.7248, 339514.5181, 245584.7825, 367001.1960, 979.5318098, 1380.908383, 973.7076362, 1083.011555, 5382.882155, 6289.214220, 5.528232454, 5.807153389, 299.6840580, 187.7346531, 0.1569693899, 0.4809965788, 121416.4135, 44.01288000, 0.07230023322, 0.03826794731, 0.00006038437060, 0.00001827740246, 0.02995335422, 0.05325189289
303.0000000, 6295063.265, 687.8476026, 231.7791548, 238369.4456, 338444.6946, 247521.2740, 365604.4419, 985.6040388, 1375.317464, 977.6592321, 1088.065452, 5672.993707, 6705.894251, 5.802628892, 6.163134983, 293.6010571, 187.1751748, 0.1598859697, 0.4744912503, 118083.1679, 44.01288000, 0.07197966822, 0.03936286883, 0.00005943804097, 0.00001852443173, 0.03229733858, 0.05711044292
303.5000000, 6363496.307, 681.1693559, 237.2962329, 240178.2790, 337303.6429, 249520.2969, 364120.3194, 991.8663397, 1369.461142, 981.9456642, 1093.312618, 6011.707832, 7190.295333, 6.122240823, 6.576614239, 287.3818841, 186.6048155, 0.1629397748, 0.4677258467, 114600.0225, 44.01288000, 0.07170075489, 0.04055496749, 0.00005846533964, 0.00001878864154, 0.03505017527, 0.06159656183
304.0000000, 6432570.756, 674.1496617, 243.1473871, 242049.0274, 336081.7480, 251590.7822, 362537.1866, 998.3471543, 1363.302432, 986.6169560, 1098.772949, 6412.435999, 7760.479110, 6.499417996, 7.062859637, 281.0136002, 186.0227575, 0.1661497836, 0.4606663545, 110946.4044, 44.01288000, 0.07147419412, 0.04186213481, 0.00005746200501, 0.00001907267178, 0.03832708203, 0.06687751916
304.5000000, 6502299.817, 666.7347846, 249.3831838, 243991.4628, 334767.0768, 253743.9160, 360840.6064, 1005.082146, 1356.795415, 991.7353559, 1104.469816, 6893.998529, 8441.560490, 6.951449787, 7.643088444, 274.4807891, 185.4280256, 0.1695398103, 0.4532706944, 107096.6904, 44.01288000, 0.07131395757, 0.04330771748, 0.00005642270962, 0.00001937984203, 0.04229035959, 0.07318589077
305.0000000, 6572698.075, 658.8561593, 256.0678684, 246018.0771, 333344.5269, 255993.9998, 359012.3239, 1012.116963, 1349.881961, 997.3797925, 1110.430970, 7483.637053, 9269.520320, 7.503297249, 8.347678123, 267.7647661, 184.8194440, 0.1731403718, 0.4454858047, 103018.3241, 44.01288000, 0.07123862480, 0.04492295877, 0.00005534065900, 0.00001971441266, 0.04717585843, 0.08085485690
305.5000000, 6643781.791, 650.4241606, 263.2850295, 248145.2348, 331794.5334, 258359.7721, 357028.7132, 1019.511483, 1342.486741, 1003.652612, 1116.689741, 8222.276997, 10297.78730, 8.192353507, 9.221708520, 260.8424160, 184.1955792, 0.1769915746, 0.4372432285, 98668.94119, 44.01288000, 0.07127357242, 0.04675095501, 0.00005420697833, 0.00002008198668, 0.05333935292, 0.09037913627
306.0000000, 6715569.310, 641.3181357, 271.1466192, 250395.0224, 330091.0194, 260866.5325, 354858.3181, 1027.346640, 1334.509338, 1010.690196, 1123.286670, 9174.263831, 11609.25442, 9.077226502, 10.33507718, 253.6844159, 183.5546642, 0.1811477735, 0.4284521516, 93991.78560, 44.01288000, 0.07145484095, 0.04885339663, 0.00005300973372, 0.00002049015539, 0.06134260872, 0.1025262288
306.5000000, 6788081.597, 631.3695902, 279.8080894, 252798.3803, 328197.9724, 263549.7400, 352457.7485, 1035.735996, 1325.811065, 1018.680541, 1130.271713, 10446.70042, 13339.78765, 10.25512906, 11.80228391, 246.2523817, 182.8945021, 0.1856855155, 0.4189878428, 88908.00841, 44.01288000, 0.07183655876, 0.05132278610, 0.00005173228695, 0.00002094959251, 0.07212488452, 0.1185540410
307.0000000, 6861343.012, 620.3318695, 289.4955263, 255400.7738, 326063.3428, 266461.5356, 349764.3758, 1044.846727, 1316.191484, 1027.894266, 1137.707143, 12231.47434, 15728.44075, 11.89954526, 13.82468313, 238.4940043, 182.2123598, 0.1907180399, 0.4086711797, 83302.84026, 44.01288000, 0.07250655842, 0.05430638890, 0.00005035034175, 0.00002147603644, 0.08737696202, 0.1406757168
307.5000000, 6935382.420, 607.8205240, 300.5586589, 258273.4046, 323607.2000, 269683.6518, 346682.1712, 1054.941176, 1305.342865, 1038.743914, 1145.670885, 14908.11761, 19237.88658, 14.35206253, 16.79180892, 230.3340814, 181.5049154, 0.1964242236, 0.3972291962, 76998.51944, 44.01288000, 0.07362294034, 0.05805828329, 0.00004882616657, 0.00002209420887, 0.1104599445, 0.1731743911
308.0000000, 7010234.841, 593.1812076, 313.5873712, 261538.2033, 320695.8919, 273356.2358, 343050.8573, 1066.469679, 1292.750917, 1051.910666, 1154.257977, 19340.71067, 24893.70646, 18.38626730, 21.56684810, 221.6561389, 180.7685800, 0.2031138692, 0.3842097650, 69694.62149, 44.01288000, 0.07551267856, 0.06306981571, 0.00004709589160, 0.00002284654507, 0.1490679463, 0.2255435166
308.5000000, 7085943.894, 575.1412951, 329.7162488, 265434.2865, 317075.1091, 277754.6397, 338566.1455, 1080.317991, 1277.437945, 1068.662266, 1163.566060, 27977.02495, 35503.25014, 26.17948236, 30.51244906, 212.2585270, 180.0018491, 0.2114039524, 0.3687629693, 60811.50579, 44.01288000, 0.07900036631, 0.07047439054, 0.00004503635160, 0.00002381638270, 0.2251289956, 0.3237666642
309.0000000, 7162564.698, 550.5823041, 351.6880538, 270554.9226, 312138.8397, 283563.9943, 332505.0836, 1098.692451, 1257.077854, 1091.889923, 1173.563080, 51147.50824, 62371.26021, 46.84309946, 53.14691753, 201.7198317, 179.2212547, 0.2228604187, 0.3488972728, 48941.08933, 44.01288000, 0.08699869041, 0.08386415125, 0.00004235007653, 0.00002521061111, 0.4318385310, 0.5724503527
309.5000000, 7240156.414, 506.1567088, 391.1399613, 279502.4551, 303374.9151, 293806.6346, 321885.3132, 1131.337271, 1222.059980, 1132.101194, 1182.315309, 226692.6559, 245949.7074, 200.2406297, 208.0237865, 188.6822469, 178.6737604, 0.2446512339, 0.3165922063, 28078.67858, 44.01288000, 0.1248340430, 0.1305795218, 0.00003780419547, 0.00002794457615, 2.024633004, 2.270085290


